0              0    3.77357e-61
0              1    1.01184e-59
0              2    3.06653e-58
0              3    1.03407e-56
0              4    4.00824e-55
0              5    1.71096e-53
0              6    8.20844e-52
0              7    4.27041e-50
0              8    2.26372e-48
0              9    1.25491e-46
0             10    7.08151e-45
0             11     3.9545e-43
0             12    2.22239e-41
0             13    1.23172e-39
0             14    6.57145e-38
0             15     3.4839e-36
0             16    1.76463e-34
0             17      8.394e-33
0             18     3.7899e-31
0             19    1.59649e-29
0             20    6.33208e-28
0             21    2.28634e-26
0             22    7.54039e-25
0             23    2.32949e-23
0             24    6.49588e-22
0             25    1.80967e-20
0             26    5.90546e-19
0             27    2.48885e-17
0             28    1.21787e-15
0             29    5.54141e-14
0             30     2.1605e-12
0             31     6.7658e-11
0             32    1.63616e-09
0             33    3.09512e-08
0             34    4.53264e-07
0             35    5.03363e-06
0             36    4.23683e-05
0             37    0.000270839
0             38     0.00131458
0             39     0.00499172
0             40      0.0153825
0             41      0.0401542
0             42      0.0952923
0             43       0.215915
0             44       0.474236
0             45       0.991614
0             46        1.95157
0             47        3.59474
0             48        6.15863
0             49        9.88054
0             50        14.9193
0             51         21.405
0             52        29.3054
0             53        38.4943
0             54        48.8111
0             55        59.7834
0             56        70.7506
0             57        81.1118
0             58        90.3472
0             59         97.885
0             60        102.825
0             61        103.964
0             62        100.837
0             63        93.8878
0             64        84.1063
0             65        72.4113
0             66        60.0032
0             67        48.1264
0             68        37.5429
0             69        28.6432
0             70        21.1594
0             71        14.9631
0             72         10.117
0             73        6.54623
0             74        4.07803
0             75        2.46233
0             76        1.47335
0             77       0.890313
0             78       0.526418
0             79       0.285478
0             80       0.134055
0             81       0.052675
0             82      0.0171798
0             83     0.00465107
0             84     0.00101913
0             85    0.000178439
0             86    2.47535e-05
0             87     2.6318e-06
0             88    2.15096e-07
0             89    1.33489e-08
0             90    6.52191e-10
0             91    1.43312e-97
0             92     6.1613e-95
0             93    2.93543e-92
0             94    1.52724e-89
0             95    8.59537e-87
0             96    5.17803e-84
0             97    3.36632e-81
0             98    2.23938e-78
0             99    1.54898e-75
0            100    1.10909e-72
0            101    8.06741e-70
0            102    5.82343e-67
0            103    4.17169e-64
0            104    2.88163e-61
0            105    1.92845e-58
0            106    1.20108e-55
0            107    7.04056e-53
0            108     3.7966e-50
0            109    1.85293e-47
0            110    8.15294e-45
0            111    3.20191e-42
0            112    1.11884e-39
0            113    3.63383e-37
0            114    1.12397e-34
0            115    3.71267e-32
0            116    1.23303e-29
0            117    3.85491e-27
0            118    1.03866e-24
0            119    2.26331e-22
0            120    3.90188e-20
0            121    5.21716e-18
0            122    5.42287e-16
0            123    4.48763e-14
0            124    3.00912e-12
0            125    1.64285e-10
0            126    7.26454e-09
0            127    2.48745e-07
0            128    6.22727e-06
0            129     0.00010684
0            130     0.00119784
0            131     0.00849695
0            132      0.0373891
0            133       0.105854
0            134       0.209687
0            135       0.346012
0            136       0.555963
0            137       0.885428
0            138        1.35452
0            139        2.03098
0            140        3.06311
0            141        4.58725
0            142        6.71095
0            143        9.46637
0            144        12.7791
0            145        16.4414
0            146        20.2651
0            147        24.1771
0            148        28.0838
0            149        31.7322
0            150        34.6761
0            151        36.3326
0            152         36.455
0            153        35.2251
0            154         32.812
0            155        29.4018
0            156        25.4145
0            157        21.3026
0            158        17.3378
0            159        13.6268
0            160        10.2611
0            161        7.43084
0            162         5.1537
0            163         3.4353
0            164        2.24634
0            165        1.45159
0            166       0.915754
0            167       0.541909
0            168       0.285558
0            169       0.134304
0            170      0.0584508
0            171      0.0229563
0            172     0.00731383
0            173     0.00165441
0            174    0.000242147
0            175    2.18954e-05
0            176    1.21041e-06
0            177    4.25164e-08
0            178    9.68431e-10
0            179     1.5396e-11
0            180    1.71379e-13
0            181    1.35603e-15
0            182   1.25394e-161
0            183   3.98009e-157
0            184   1.46074e-152
0            185   6.08598e-148
0            186    2.7505e-143
0            187    1.3796e-138
0            188   7.33776e-134
0            189   4.11572e-129
0            190   2.41764e-124
0            191   1.40307e-119
0            192   8.08724e-115
0            193    4.5374e-110
0            194   2.42821e-105
0            195   1.18583e-100
0            196    5.29612e-96
0            197    2.09263e-91
0            198    7.18402e-87
0            199    2.09191e-82
0            200    5.07994e-78
0            201    1.00883e-73
0            202    2.18865e-69
0            203    1.38602e-64
0            204    1.51827e-59
0            205     1.2985e-54
0            206    7.34671e-50
0            207    2.77274e-45
0            208    7.01909e-41
0            209    1.23042e-36
0            210    1.57158e-32
0            211    1.36254e-28
0            212    7.13349e-25
0            213    2.09203e-21
0            214    3.29495e-18
0            215    2.80708e-15
0            216    1.35412e-12
0            217    3.58806e-10
0            218    4.77239e-08
0            219    2.87111e-06
0            220    7.38407e-05
0            221    0.000799803
0            222     0.00403281
0            223      0.0118449
0            224      0.0259953
0            225      0.0511025
0            226      0.0898772
0            227        0.14186
0            228       0.236685
0            229       0.390732
0            230       0.606273
0            231       0.940766
0            232        1.39789
0            233        1.93717
0            234        2.59292
0            235        3.60243
0            236        4.97152
0            237        6.31617
0            238        7.60905
0            239        8.86273
0            240        9.90301
0            241        10.6801
0            242         11.099
0            243        11.1947
0            244        10.8716
0            245        10.1276
0            246        9.06892
0            247         7.7704
0            248        6.35631
0            249         5.0805
0            250         4.0188
0            251        3.07058
0            252        2.22764
0            253        1.55072
0            254        1.00245
0            255       0.602801
0            256       0.374601
0            257       0.243542
0            258       0.144138
0            259      0.0789108
0            260      0.0493228
0            261       0.029454
0            262      0.0159799
0            263     0.00890719
0            264      0.0030817
0            265      0.0004654
0            266    2.91012e-05
0            267    7.68714e-07
0            268    8.88175e-09
0            269    4.77499e-11
0            270    1.22788e-13
0            271    1.60127e-16
0            272    1.08193e-19
0            273   1.53625e-270
0            274   4.29997e-262
0            275   1.42879e-253
0            276   5.51103e-245
0            277   2.35078e-236
0            278   1.08166e-227
0            279   5.05415e-219
0            280   2.39469e-210
0            281   1.08114e-201
0            282   4.53351e-193
0            283   1.66094e-184
0            284   5.23177e-176
0            285   1.33483e-167
0            286   2.71062e-159
0            287    4.1291e-151
0            288   4.54365e-143
0            289   3.47826e-135
0            290   1.76804e-127
0            291   5.75338e-120
0            292   1.16731e-112
0            293   1.41023e-105
0            294    1.00178e-98
0            295    4.76139e-92
0            296    2.82422e-85
0            297    3.19063e-78
0            298    2.80192e-71
0            299    1.84187e-64
0            300     2.2214e-57
0            301     1.7968e-50
0            302    5.36702e-44
0            303    5.85934e-38
0            304    2.25667e-32
0            305    2.67111e-27
0            306    8.43852e-23
0            307    6.47792e-19
0            308    1.22721e-15
0            309    1.00826e-12
0            310    9.87299e-10
0            311    3.74049e-07
0            312    3.41971e-05
0            313    0.000684674
0            314     0.00274852
0            315     0.00329763
0            316     0.00825018
0            317      0.0227131
0            318      0.0363864
0            319      0.0495582
0            320       0.088377
0            321       0.152342
0            322       0.251628
0            323       0.378581
0            324       0.547747
0            325       0.769397
0            326        1.08158
0            327        1.45486
0            328           1.84
0            329        2.22642
0            330        2.56615
0            331        2.88268
0            332        3.20107
0            333        3.32865
0            334         3.2204
0            335         3.0695
0            336        2.88284
0            337        2.57291
0            338        2.19602
0            339        1.80091
0            340         1.4885
0            341        1.20878
0            342       0.877556
0            343       0.611522
0            344       0.417509
0            345       0.282236
0            346       0.161847
0            347      0.0869767
0            348      0.0525118
0            349      0.0393521
0            350      0.0290721
0            351      0.0165143
0            352      0.0064194
0            353     0.00131859
0            354    0.000136935
0            355    5.11482e-06
0            356    5.77556e-08
0            357    1.60805e-10
0            358    9.96021e-14
0            359    1.34189e-17
0            360    4.06348e-22
0            361    2.92179e-27
0            362    6.00939e-33
0            363    6.02002e-39
0            364              0
0            365              0
0            366              0
0            367              0
0            368              0
0            369              0
0            370              0
0            371              0
0            372              0
0            373              0
0            374              0
0            375              0
0            376              0
0            377              0
0            378              0
0            379              0
0            380              0
0            381              0
0            382              0
0            383              0
0            384              0
0            385              0
0            386              0
0            387   2.74943e-307
0            388   4.72237e-299
0            389   7.43151e-291
0            390   1.07203e-282
0            391   1.37312e-274
0            392   1.58134e-266
0            393   1.58167e-258
0            394   1.38361e-250
0            395   1.04056e-242
0            396   6.61574e-235
0            397   3.52202e-227
0            398   1.57409e-219
0            399    5.8082e-212
0            400    1.7466e-204
0            401   4.18242e-197
0            402   8.07713e-190
0            403   1.22934e-182
0            404   1.45689e-175
0            405   1.34649e-168
0            406    9.4337e-162
0            407   5.09855e-155
0            408   2.04857e-148
0            409   6.09186e-142
0            410   1.33792e-135
0            411   2.15512e-129
0            412   2.54508e-123
0            413   2.19458e-117
0            414   1.61448e-111
0            415   1.40203e-105
0            416    1.56431e-99
0            417    1.52372e-93
0            418    1.02917e-87
0            419    4.61315e-82
0            420    1.33418e-76
0            421     2.4565e-71
0            422    2.86693e-66
0            423    2.16115e-61
0            424    1.09326e-56
0            425    4.18807e-52
0            426    1.40515e-47
0            427    4.05423e-43
0            428    8.45651e-39
0            429    1.15209e-34
0            430    9.46964e-31
0            431    4.53915e-27
0            432    1.20428e-23
0            433    1.72766e-20
0            434    1.29353e-17
0            435    5.09238e-15
0            436    1.05291e-12
0            437    1.15332e-10
0            438    6.71897e-09
0            439     2.0322e-07
0            440    3.16732e-06
0            441    2.56237e-05
0            442    0.000109796
0            443    0.000251455
0            444    0.000306493
0            445    0.000222297
0            446    0.000227448
0            447    0.000494021
0            448     0.00098586
0            449     0.00169141
0            450     0.00254577
0            451     0.00337784
0            452     0.00410235
0            453     0.00513006
0            454     0.00721779
0            455      0.0109235
0            456      0.0158719
0            457      0.0208411
0            458      0.0262051
0            459       0.034134
0            460      0.0452539
0            461      0.0571145
0            462      0.0697601
0            463      0.0856446
0            464        0.10728
0            465       0.134297
0            466       0.162313
0            467       0.189063
0            468       0.220407
0            469       0.261156
0            470       0.307534
0            471       0.355886
0            472       0.405914
0            473       0.458801
0            474       0.514195
0            475       0.572459
0            476       0.628661
0            477       0.677682
0            478       0.718635
0            479       0.751919
0            480       0.781433
0            481        0.81775
0            482       0.862887
0            483       0.902659
0            484       0.918466
0            485       0.910338
0            486       0.897965
0            487       0.894699
0            488       0.893524
0            489       0.874368
0            490        0.84212
0            491       0.800862
0            492       0.745215
0            493       0.683436
0            494        0.62284
0            495       0.571066
0            496       0.523887
0            497         0.4671
0            498       0.406409
0            499       0.355399
0            500       0.312683
0            501       0.271654
0            502       0.228877
0            503        0.19036
0            504       0.161654
0            505       0.138864
0            506       0.116885
0            507      0.0965564
0            508      0.0800523
0            509      0.0646282
0            510      0.0501242
0            511      0.0395366
0            512      0.0331376
0            513      0.0280781
0            514      0.0220182
0            515      0.0157024
0            516      0.0104832
0            517     0.00677044
0            518     0.00469137
0            519     0.00360317
0            520     0.00280099
0            521      0.0018108
0            522    0.000868325
0            523    0.000326229
0            524    0.000141342
0            525    0.000167072
0            526    0.000163681
0            527    6.78744e-05
0            528     1.1818e-05
0            529    1.06906e-06
0            530    7.32731e-08
0            531    3.89332e-09
0            532    1.23081e-10
0            533    2.07037e-12
0            534    1.81598e-14
0            535    8.37077e-17
0            536    2.02936e-19
0            537    2.60001e-22
0            538    1.76635e-25
0            539    6.43089e-29
0            540    1.27124e-32
0            541    1.34969e-36
0            542     7.8203e-41
0            543    2.48322e-45
0            544    4.38655e-50
0            545    1.59032e-24
0            546    1.04876e-23
0            547    1.58123e-23
0            548    1.57753e-23
0            549    1.83268e-23
0            550    3.21125e-24
0            551    2.60926e-23
0            552    1.49638e-25
0            553    1.22771e-38
0            554     7.5215e-10
0            555    9.86077e-10
0            556    1.11931e-09
0            557    1.02887e-09
0            558    4.79984e-10
0            559    4.76155e-11
0            560    1.62171e-11
0            561    1.74243e-12
0            562    2.03355e-22
0            563      0.0661808
0            564      0.0676529
0            565      0.0661928
0            566      0.0547444
0            567      0.0171387
0            568     0.00388723
0            569    0.000110469
0            570    4.55751e-06
0            571    2.78894e-11
0            572        2.82556
0            573        2.71265
0            574        2.49412
0            575        1.91038
0            576        0.94922
0            577       0.207148
0            578      0.0237528
0            579     0.00555034
0            580    5.84277e-06
0            581        24.9847
0            582        23.9934
0            583        22.2168
0            584        17.2721
0            585        8.62995
0            586        2.23252
0            587       0.327703
0            588      0.0388076
0            589    0.000465557
0            590        37.8764
0            591        36.6389
0            592        34.1586
0            593        26.4317
0            594        13.2996
0            595        3.09986
0            596       0.508354
0            597      0.0750729
0            598     0.00153081
