0              0    2.48024e-32
0              1    2.08953e-31
0              2    1.85022e-30
0              3    1.68112e-29
0              4    1.58445e-28
0              5     1.5175e-27
0              6       1.51e-26
0              7    1.54384e-25
0              8    1.58916e-24
0              9    1.68463e-23
0             10    1.82065e-22
0             11    1.98413e-21
0             12    2.20407e-20
0             13     2.4685e-19
0             14    2.75133e-18
0             15    3.10978e-17
0             16    3.48032e-16
0             17    3.81397e-15
0             18     4.1202e-14
0             19    4.34294e-13
0             20     4.4949e-12
0             21    4.47296e-11
0             22    4.29416e-10
0             23    4.02451e-09
0             24    3.53972e-08
0             25    2.97556e-07
0             26    2.36129e-06
0             27    1.72646e-05
0             28    0.000116612
0             29    0.000714971
0             30     0.00399248
0             31      0.0200138
0             32      0.0888208
0             33       0.352331
0             34        1.24306
0             35        3.86624
0             36        10.5922
0             37        25.4469
0             38        53.2356
0             39        97.2064
0             40        154.283
0             41        211.635
0             42        251.375
0             43        258.325
0             44        229.367
0             45        176.383
0             46        117.555
0             47        67.7208
0             48        33.9671
0             49        14.8822
0             50        5.71493
0             51        1.91643
0             52       0.569101
0             53       0.150471
0             54      0.0352311
0             55     0.00739298
0             56     0.00140278
0             57    0.000242475
0             58    3.90027e-05
0             59    5.92728e-06
0             60    8.46412e-07
0             61    1.15529e-07
0             62    1.52022e-08
0             63    1.89633e-09
0             64    2.25158e-10
0             65    2.50037e-11
0             66    2.63123e-12
0             67    2.63585e-13
0             68    2.45144e-14
0             69    2.20382e-15
0             70    1.89745e-16
0             71    1.56366e-17
0             72    1.26937e-18
0             73    1.01684e-19
0             74    8.18685e-21
0             75    6.63645e-22
0             76    5.51055e-23
0             77    4.82245e-24
0             78    4.36339e-25
0             79    4.13417e-26
0             80    4.13059e-27
0             81    4.28813e-28
0             82    4.66698e-29
0             83    5.35874e-30
0             84    6.33633e-31
0             85    7.85573e-32
0             86    1.02676e-32
0             87    1.38153e-33
0             88     1.9456e-34
0             89    2.82861e-35
0             90    4.32287e-36
0             91    3.41302e-49
0             92    7.63714e-48
0             93    1.76721e-46
0             94    4.18969e-45
0             95    1.02636e-43
0             96    2.58605e-42
0             97     6.8574e-41
0             98    1.90095e-39
0             99    5.64455e-38
0            100    1.81845e-36
0            101    6.32308e-35
0            102    2.33837e-33
0            103    9.10374e-32
0            104    3.66251e-30
0            105    1.51397e-28
0            106    6.26958e-27
0            107    2.59495e-25
0            108    1.04893e-23
0            109    4.05315e-22
0            110    1.47932e-20
0            111    5.02963e-19
0            112    1.57627e-17
0            113    4.58978e-16
0            114    1.21792e-14
0            115    3.04173e-13
0            116    6.96423e-12
0            117    1.47004e-10
0            118    2.82657e-09
0            119    4.85645e-08
0            120    7.34817e-07
0            121    9.57557e-06
0            122    0.000105716
0            123    0.000980147
0            124     0.00753484
0            125      0.0474886
0            126       0.245841
0            127        1.04454
0            128        3.65248
0            129        10.5048
0            130        24.8578
0            131        48.2548
0            132        76.2667
0            133        98.0244
0            134        101.954
0            135        85.7525
0            136        58.3053
0            137        32.0521
0            138        14.2422
0            139        5.14827
0            140         1.5097
0            141       0.365046
0            142      0.0728228
0            143      0.0122126
0            144     0.00173485
0            145    0.000209381
0            146    2.15652e-05
0            147    1.89052e-06
0            148    1.41471e-07
0            149    9.01081e-09
0            150    4.97372e-10
0            151    2.41502e-11
0            152    1.04137e-12
0            153    4.04251e-14
0            154    1.43831e-15
0            155    4.71526e-17
0            156    1.43998e-18
0            157     4.1097e-20
0            158    1.08427e-21
0            159    2.74271e-23
0            160    6.50806e-25
0            161    1.51347e-26
0            162    3.53493e-28
0            163      8.664e-30
0            164     2.2899e-31
0            165    6.49329e-33
0            166    1.93779e-34
0            167    5.96779e-36
0            168    1.84224e-37
0            169     5.7372e-39
0            170     1.7881e-40
0            171     5.6363e-42
0            172    1.79702e-43
0            173    5.86544e-45
0            174    1.98184e-46
0            175    6.95825e-48
0            176    2.52437e-49
0            177    9.73274e-51
0            178    3.96864e-52
0            179    1.72589e-53
0            180    8.02127e-55
0            181    4.01826e-56
0            182    2.32177e-73
0            183    3.19718e-71
0            184    4.56088e-69
0            185    6.68926e-67
0            186    9.86464e-65
0            187    1.47836e-62
0            188    2.20222e-60
0            189      3.252e-58
0            190    4.74589e-56
0            191    6.67093e-54
0            192    9.06641e-52
0            193    1.18274e-49
0            194    1.47327e-47
0            195    1.73457e-45
0            196    1.97669e-43
0            197    2.28012e-41
0            198    3.02307e-39
0            199    5.39989e-37
0            200    1.26449e-34
0            201    3.19915e-32
0            202    7.84748e-30
0            203    1.80106e-27
0            204    3.87053e-25
0            205    7.87168e-23
0            206    1.44358e-20
0            207    2.27798e-18
0            208     2.8967e-16
0            209    2.81304e-14
0            210    2.04833e-12
0            211    1.09584e-10
0            212    4.29775e-09
0            213    1.26283e-07
0            214    2.84095e-06
0            215    4.97758e-05
0            216    0.000683189
0            217     0.00717698
0            218      0.0566369
0            219       0.333082
0            220        1.47165
0            221        4.89792
0            222        12.3268
0            223        23.3638
0            224        33.1273
0            225        35.1132
0            226        27.7964
0            227        16.4378
0            228         7.2628
0            229        2.40502
0            230       0.602577
0            231       0.117483
0            232      0.0181923
0            233     0.00227069
0            234    0.000223003
0            235    1.65389e-05
0            236    9.11208e-07
0            237    3.71169e-08
0            238    1.15045e-09
0            239    2.83008e-11
0            240    5.75949e-13
0            241    9.71476e-15
0            242    1.35607e-16
0            243    1.56885e-18
0            244    1.50453e-20
0            245    1.21768e-22
0            246    8.47829e-25
0            247    5.04501e-27
0            248    2.58409e-29
0            249    1.14232e-31
0            250    4.30058e-34
0            251    1.40796e-36
0            252    4.00326e-39
0            253     1.0065e-41
0            254    2.27993e-44
0            255    4.71063e-47
0            256    9.35019e-50
0            257    1.87947e-52
0            258    4.17692e-55
0            259    1.09397e-57
0            260    3.43051e-60
0            261    1.22624e-62
0            262    4.94952e-65
0            263    2.31364e-67
0            264    1.32976e-69
0            265    9.62947e-72
0            266    8.63141e-74
0            267    8.88494e-76
0            268    9.92083e-78
0            269    1.18593e-79
0            270    1.47973e-81
0            271    1.94973e-83
0            272    2.72008e-85
0            273   1.90029e-121
0            274   4.73372e-118
0            275   1.27362e-114
0            276    3.7588e-111
0            277   1.27752e-107
0            278    5.7046e-104
0            279   3.71186e-100
0            280     3.3075e-96
0            281     3.3625e-92
0            282    3.50671e-88
0            283    3.52366e-84
0            284    3.35122e-80
0            285    2.92021e-76
0            286    2.31717e-72
0            287    1.63934e-68
0            288    1.03373e-64
0            289    5.95231e-61
0            290     3.3225e-57
0            291    1.95141e-53
0            292    1.22761e-49
0            293    7.60027e-46
0            294    4.23802e-42
0            295    1.98297e-38
0            296    7.27437e-35
0            297    1.92294e-31
0            298    3.49484e-28
0            299    4.29091e-25
0            300    3.59833e-22
0            301    2.23561e-19
0            302    1.13405e-16
0            303    4.44384e-14
0            304    1.14683e-11
0            305     1.7406e-09
0            306    1.47221e-07
0            307    6.81405e-06
0            308    0.000176921
0            309     0.00271916
0            310       0.026926
0            311       0.184887
0            312       0.899676
0            313        3.02365
0            314        6.90873
0            315        10.7084
0            316        11.3799
0            317        8.39738
0            318        4.32522
0            319        1.54904
0            320       0.383312
0            321       0.064512
0            322     0.00712593
0            323    0.000481953
0            324    1.87488e-05
0            325    4.22756e-07
0            326    6.09022e-09
0            327    6.41018e-11
0            328    5.35572e-13
0            329    3.21969e-15
0            330    1.23161e-17
0            331     2.8327e-20
0            332    3.94174e-23
0            333     3.4059e-26
0            334    1.92115e-29
0            335    7.72205e-33
0            336    2.48854e-36
0            337    7.19907e-40
0            338    2.05403e-43
0            339    6.03485e-47
0            340    1.72446e-50
0            341    4.39118e-54
0            342    9.60191e-58
0            343    1.76704e-61
0            344    2.75784e-65
0            345    3.72764e-69
0            346     4.6278e-73
0            347     5.8036e-77
0            348    8.63873e-81
0            349    1.69548e-84
0            350    4.01794e-88
0            351    1.01055e-91
0            352     2.5634e-95
0            353    6.41673e-99
0            354   1.61116e-102
0            355   4.06379e-106
0            356   1.05264e-109
0            357   2.82741e-113
0            358    8.0579e-117
0            359   2.43154e-120
0            360   7.95405e-124
0            361   2.84092e-127
0            362   1.12788e-130
0            363   5.01127e-134
0            364   1.39926e-198
0            365   1.36235e-195
0            366   1.40143e-192
0            367   1.51303e-189
0            368   1.71987e-186
0            369   2.04608e-183
0            370    2.5908e-180
0            371   3.46547e-177
0            372   4.86936e-174
0            373   7.13625e-171
0            374   1.08558e-167
0            375   1.71268e-164
0            376   2.74911e-161
0            377   4.48787e-158
0            378   7.41941e-155
0            379   1.23258e-151
0            380   2.03455e-148
0            381   3.36053e-145
0            382   5.45396e-142
0            383   8.85156e-139
0            384   1.41873e-135
0            385   2.23355e-132
0            386   3.49246e-129
0            387   5.41508e-126
0            388   8.38309e-123
0            389   1.31286e-119
0            390   2.16084e-116
0            391   3.96914e-113
0            392   8.97973e-110
0            393   2.51927e-106
0            394    8.0604e-103
0            395    2.63634e-99
0            396    8.24139e-96
0            397    2.39055e-92
0            398    6.37267e-89
0            399    1.54236e-85
0            400    3.36408e-82
0            401    6.53786e-79
0            402    1.13802e-75
0            403    1.75525e-72
0            404    2.38591e-69
0            405    2.85851e-66
0            406    2.98079e-63
0            407    2.72478e-60
0            408     2.1475e-57
0            409    1.45608e-54
0            410    8.48865e-52
0            411    4.23683e-49
0            412    1.80587e-46
0            413    6.48036e-44
0            414    1.97265e-41
0            415     5.0359e-39
0            416    1.07996e-36
0            417    1.93582e-34
0            418    2.88342e-32
0            419    3.58736e-30
0            420    3.71775e-28
0            421    3.21834e-26
0            422    2.34883e-24
0            423    1.47455e-22
0            424    8.12023e-21
0            425    4.00687e-19
0            426    1.78915e-17
0            427    7.19065e-16
0            428    2.53865e-14
0            429    7.77724e-13
0            430    2.04278e-11
0            431    4.63376e-10
0            432    8.97138e-09
0            433    1.43393e-07
0            434    1.78376e-06
0            435    1.67134e-05
0            436    0.000116978
0            437    0.000627247
0            438     0.00268658
0            439     0.00950664
0            440      0.0286798
0            441      0.0758093
0            442        0.17924
0            443       0.381723
0            444       0.729833
0            445        1.24622
0            446        1.89855
0            447        2.58629
0            448        3.16331
0            449        3.48449
0            450        3.45751
0            451        3.07597
0            452        2.43935
0            453        1.72133
0            454        1.08486
0            455       0.614009
0            456       0.313234
0            457       0.144081
0            458      0.0594066
0            459      0.0216721
0            460     0.00682023
0            461     0.00180029
0            462    0.000389192
0            463    6.75494e-05
0            464    9.31639e-06
0            465    1.01848e-06
0            466    8.90614e-08
0            467    6.30625e-09
0            468    3.65182e-10
0            469     1.7371e-11
0            470    6.78112e-13
0            471    2.15755e-14
0            472    5.62954e-16
0            473    1.20578e-17
0            474    2.14069e-19
0            475    3.19648e-21
0            476    3.99125e-23
0            477    4.19607e-25
0            478    3.66872e-27
0            479    2.67772e-29
0            480     1.6339e-31
0            481    8.75794e-34
0            482    4.58634e-36
0            483    2.82736e-38
0            484    2.13147e-40
0            485    1.68853e-42
0            486    1.23637e-44
0            487    7.98489e-47
0            488    4.47233e-49
0            489    2.17121e-51
0            490    9.17193e-54
0            491    3.39552e-56
0            492    1.09754e-58
0            493    3.12063e-61
0            494    7.84921e-64
0            495     1.7434e-66
0            496    3.46048e-69
0            497    6.08821e-72
0            498    9.63381e-75
0            499    1.37409e-77
0            500    1.77346e-80
0            501    2.07174e-83
0            502    2.19469e-86
0            503    2.14273e-89
0            504    1.91341e-92
0            505    1.58168e-95
0            506    1.20958e-98
0            507    8.5989e-102
0            508    5.7387e-105
0            509    3.5748e-108
0            510   2.09909e-111
0            511   1.16777e-114
0            512   6.19981e-118
0            513   3.13777e-121
0            514   1.51838e-124
0            515   7.07616e-128
0            516    3.1994e-131
0            517   1.39844e-134
0            518   5.99338e-138
0            519   2.50593e-141
0            520   1.03486e-144
0            521   4.22256e-148
0            522   1.70432e-151
0            523   6.85864e-155
0            524   2.76576e-158
0            525   1.11318e-161
0            526   4.50381e-165
0            527   1.86788e-168
0            528   7.78111e-172
0            529   3.32713e-175
0            530   1.44819e-178
0            531   6.49656e-182
0            532   3.02578e-185
0            533   1.47011e-188
0            534   7.46168e-192
0            535   4.07274e-195
0            536   2.42054e-198
0            537   1.60236e-201
0            538   1.21785e-204
0            539   1.07688e-207
0            540   1.10868e-210
0            541   1.28036e-213
0            542   1.63308e-216
0            543   2.25665e-219
0            544    3.3681e-222
0            545     1.0552e-08
0            546    1.09459e-08
0            547    1.19155e-08
0            548    1.33915e-08
0            549    1.87989e-08
0            550    1.20133e-08
0            551    5.43907e-09
0            552    1.86789e-09
0            553    1.72134e-10
0            554       0.111655
0            555       0.111707
0            556       0.110538
0            557       0.102266
0            558      0.0735895
0            559       0.031785
0            560      0.0112302
0            561     0.00216887
0            562    0.000212135
0            563         95.276
0            564        92.9452
0            565        88.7522
0            566        73.8129
0            567        42.5257
0            568        14.0503
0            569        3.61421
0            570       0.781009
0            571      0.0671292
0            572        2.96637
0            573        2.93619
0            574        2.85608
0            575        2.48834
0            576        1.59888
0            577       0.587399
0            578       0.185022
0            579       0.038793
0            580     0.00310839
0            581    7.75347e-06
0            582    7.21376e-06
0            583    6.49519e-06
0            584    5.73233e-06
0            585    1.04734e-05
0            586    7.54577e-06
0            587    5.93477e-06
0            588    7.41548e-07
0            589    4.13076e-08
0            590    6.28071e-15
0            591    6.74636e-15
0            592    7.71615e-15
0            593    1.18359e-14
0            594    7.48281e-14
0            595    3.09982e-14
0            596    1.36573e-13
0            597    2.72731e-14
0            598    4.37408e-16
