0              0    5.73136e-25
0              1    1.45139e-23
0              2    3.63036e-22
0              3    8.55847e-21
0              4    1.90595e-19
0              5    3.91168e-18
0              6    7.55059e-17
0              7    1.33565e-15
0              8    2.12621e-14
0              9    3.11662e-13
0             10    4.15828e-12
0             11    5.04369e-11
0             12    5.66645e-10
0             13    5.92172e-09
0             14    5.81759e-08
0             15    5.53966e-07
0             16    5.01919e-06
0             17    4.23482e-05
0             18     0.00032965
0             19     0.00230434
0             20      0.0143573
0             21      0.0776765
0             22        0.36305
0             23        1.47402
0             24        5.06652
0             25        14.9011
0             26        37.3259
0             27         78.917
0             28        141.186
0             29        212.806
0             30         270.36
0             31        288.576
0             32        258.928
0             33        195.221
0             34        123.635
0             35        65.9501
0             36        29.6236
0             37        11.2428
0             38         3.6357
0             39       0.996146
0             40       0.232597
0             41      0.0470561
0             42     0.00818706
0             43     0.00123491
0             44    0.000161818
0             45    1.90297e-05
0             46    2.01075e-06
0             47    1.90959e-07
0             48    1.69774e-08
0             49    1.42957e-09
0             50    1.14454e-10
0             51    8.58144e-12
0             52    6.17738e-13
0             53    4.25297e-14
0             54    2.74143e-15
0             55    1.67388e-16
0             56     9.6662e-18
0             57      5.263e-19
0             58    2.74832e-20
0             59    1.38113e-21
0             60     6.5606e-23
0             61    3.01893e-24
0             62    1.38081e-25
0             63     6.2054e-27
0             64    2.81939e-28
0             65    1.28119e-29
0             66    6.01318e-31
0             67    2.98324e-32
0             68    1.50864e-33
0             69    8.17519e-35
0             70    4.70103e-36
0             71    2.82216e-37
0             72    1.81025e-38
0             73    1.23194e-39
0             74    8.92752e-41
0             75    6.83051e-42
0             76     5.5331e-43
0             77    4.84497e-44
0             78    4.45666e-45
0             79    4.36369e-46
0             80    4.56073e-47
0             81    4.98297e-48
0             82    5.77265e-49
0             83    7.12621e-50
0             84    9.12154e-51
0             85     1.2494e-51
0             86    1.82687e-52
0             87    2.77591e-53
0             88    4.52475e-54
0             89    7.76335e-55
0             90    1.42606e-55
0             91     2.0227e-39
0             92    2.49493e-37
0             93    2.88874e-35
0             94    3.07104e-33
0             95     3.0457e-31
0             96    2.77011e-29
0             97    2.38611e-27
0             98    1.91877e-25
0             99    1.46147e-23
0            100    1.04824e-21
0            101    6.88263e-20
0            102    4.04065e-18
0            103     2.0954e-16
0            104    9.63137e-15
0            105    3.94969e-13
0            106    1.44104e-11
0            107    4.66391e-10
0            108    1.29683e-08
0            109    2.98608e-07
0            110    5.55741e-06
0            111    8.17217e-05
0            112    0.000937081
0            113     0.00843526
0            114       0.059427
0            115       0.338756
0            116        1.55516
0            117        5.77381
0            118        17.1612
0            119        40.3227
0            120        74.2351
0            121        106.261
0            122        117.882
0            123        101.189
0            124        67.2261
0            125        34.6737
0            126        13.9375
0            127        4.38786
0            128        1.08768
0            129       0.214121
0            130      0.0336766
0            131     0.00424376
0            132    0.000434606
0            133    3.54904e-05
0            134    2.32002e-06
0            135    1.18268e-07
0            136     4.7393e-09
0            137    1.50196e-10
0            138    3.84578e-12
0            139    8.48565e-14
0            140    1.67105e-15
0            141    3.20159e-17
0            142    5.87531e-19
0            143    1.02148e-20
0            144    1.61085e-22
0            145    2.23884e-24
0            146    2.74228e-26
0            147    2.95868e-28
0            148    2.86228e-30
0            149    2.48181e-32
0            150    2.01926e-34
0            151    1.59845e-36
0            152    1.29293e-38
0            153    1.13481e-40
0            154    1.13452e-42
0            155    1.27018e-44
0            156    1.54137e-46
0            157    1.95052e-48
0            158    2.47647e-50
0            159    3.26461e-52
0            160    4.29501e-54
0            161    5.77377e-56
0            162     7.9081e-58
0            163    1.12137e-59
0            164    1.65514e-61
0            165    2.54651e-63
0            166    4.10654e-65
0            167    7.05925e-67
0            168     1.2745e-68
0            169    2.49557e-70
0            170    5.18879e-72
0            171    1.17717e-73
0            172     2.8834e-75
0            173    7.74819e-77
0            174    2.29692e-78
0            175    7.50732e-80
0            176    2.65907e-81
0            177    1.04985e-82
0            178    4.62175e-84
0            179    2.24005e-85
0            180    1.21247e-86
0            181    7.30005e-88
0            182    1.36471e-63
0            183    3.05919e-60
0            184    7.71508e-57
0            185    1.93555e-53
0            186    4.30535e-50
0            187    8.31055e-47
0            188    1.32107e-43
0            189    1.70649e-40
0            190    1.77137e-37
0            191    1.41931e-34
0            192    8.80834e-32
0            193    4.20708e-29
0            194    1.57377e-26
0            195    4.89168e-24
0            196    1.43552e-21
0            197    4.05516e-19
0            198     9.7911e-17
0            199    1.81501e-14
0            200     2.4844e-12
0            201    2.48838e-10
0            202    1.82426e-08
0            203    9.39774e-07
0            204    3.23936e-05
0            205    0.000727595
0            206      0.0104624
0            207      0.0990124
0            208        0.64118
0            209        2.93431
0            210        9.60049
0            211        22.2549
0            212        36.3518
0            213        41.7385
0            214        33.5818
0            215        18.9618
0            216        7.51733
0            217        2.09564
0            218       0.411346
0            219      0.0567982
0            220     0.00541053
0            221    0.000350376
0            222    1.51485e-05
0            223    4.34017e-07
0            224    8.38538e-09
0            225    1.09889e-10
0            226    1.04934e-12
0            227    8.04243e-15
0            228    5.29278e-17
0            229    2.87608e-19
0            230    1.18056e-21
0            231    3.55874e-24
0            232    7.61801e-27
0            233    1.18985e-29
0            234    1.36668e-32
0            235     1.1652e-35
0            236    7.70257e-39
0            237    3.96672e-42
0            238     1.6476e-45
0            239      5.853e-49
0            240    2.01689e-52
0            241    7.80148e-56
0            242    3.71911e-59
0            243    2.02778e-62
0            244    1.11193e-65
0            245    5.94468e-69
0            246    3.12842e-72
0            247    1.62237e-75
0            248    8.66484e-79
0            249    4.93247e-82
0            250    2.99265e-85
0            251    1.99748e-88
0            252      1.452e-91
0            253    1.15411e-94
0            254    9.99011e-98
0            255   9.31359e-101
0            256   9.57074e-104
0            257   1.07531e-106
0            258   1.34815e-109
0            259   1.87709e-112
0            260   2.95669e-115
0            261   5.26003e-118
0            262   1.08402e-120
0            263   2.61253e-123
0            264   7.43448e-126
0            265   2.49295e-128
0            266   1.01231e-130
0            267   4.95693e-133
0            268   2.90488e-135
0            269   2.05545e-137
0            270   1.72525e-139
0            271   1.74409e-141
0            272   2.15347e-143
0            273   3.89418e-105
0            274    1.84162e-99
0            275    7.42597e-94
0            276    2.51229e-88
0            277    6.94739e-83
0            278    1.56785e-77
0            279    2.99647e-72
0            280    5.55613e-67
0            281    1.02326e-61
0            282    1.60121e-56
0            283    1.72635e-51
0            284    1.16577e-46
0            285    4.65811e-42
0            286    1.09251e-37
0            287    1.51842e-33
0            288    1.37026e-29
0            289    9.39897e-26
0            290    5.08212e-22
0            291    1.78104e-18
0            292    3.28013e-15
0            293    2.82346e-12
0            294     1.0933e-09
0            295    1.89043e-07
0            296    1.43242e-05
0            297    0.000465736
0            298     0.00713737
0            299      0.0674771
0            300        0.46177
0            301        2.08218
0            302        6.02186
0            303        11.2379
0            304        13.3688
0            305        10.1983
0            306        5.02036
0            307        1.59276
0            308       0.330865
0            309      0.0449602
0            310     0.00379069
0            311    0.000174765
0            312    3.53855e-06
0            313    2.85243e-08
0            314    1.01475e-10
0            315    2.07699e-13
0            316    2.59142e-16
0            317    1.69711e-19
0            318    5.36334e-23
0            319     8.1238e-27
0            320    6.02846e-31
0            321    2.27015e-35
0            322    4.67779e-40
0            323     6.0162e-45
0            324    5.87897e-50
0            325    5.54644e-55
0            326    6.08117e-60
0            327    6.49836e-65
0            328    5.57087e-70
0            329    3.55802e-75
0            330    1.76985e-80
0            331    8.85211e-86
0            332    7.75047e-91
0            333    1.05579e-95
0            334   1.41487e-100
0            335   1.65405e-105
0            336   1.69005e-110
0            337   1.52153e-115
0            338   1.23636e-120
0            339   9.45971e-126
0            340   6.84841e-131
0            341    4.7719e-136
0            342    3.3439e-141
0            343   2.38126e-146
0            344   1.76386e-151
0            345   1.36964e-156
0            346   1.15881e-161
0            347   1.08468e-166
0            348   1.13527e-171
0            349   1.35631e-176
0            350   1.88098e-181
0            351   3.07749e-186
0            352   6.08099e-191
0            353   1.44262e-195
0            354    4.2602e-200
0            355   1.55422e-204
0            356    7.1172e-209
0            357   4.15272e-213
0            358   3.13614e-217
0            359   3.02173e-221
0            360   3.81713e-225
0            361   6.28698e-229
0            362   1.37205e-232
0            363   3.96564e-236
0            364   6.00995e-168
0            365    1.8978e-163
0            366   5.61148e-159
0            367    1.5332e-154
0            368   3.86089e-150
0            369   8.81362e-146
0            370   1.85067e-141
0            371   3.52999e-137
0            372   6.04373e-133
0            373   9.29904e-129
0            374   1.28824e-124
0            375   1.63959e-120
0            376   1.97261e-116
0            377   2.40972e-112
0            378   3.17376e-108
0            379   4.42191e-104
0            380   5.98524e-100
0            381    7.39055e-96
0            382    7.82959e-92
0            383    7.07744e-88
0            384    5.34664e-84
0            385    3.30909e-80
0            386    1.69369e-76
0            387    7.03491e-73
0            388     2.3893e-69
0            389    6.67353e-66
0            390    1.68837e-62
0            391    5.09152e-59
0            392    2.31711e-55
0            393    1.16663e-51
0            394    4.91531e-48
0            395    1.57629e-44
0            396    3.73671e-41
0            397    6.45614e-38
0            398    8.11014e-35
0            399    7.34397e-32
0            400    4.76028e-29
0            401    2.19057e-26
0            402    7.20083e-24
0            403    1.68464e-21
0            404    2.81511e-19
0            405    3.40475e-17
0            406    3.00163e-15
0            407    1.96981e-13
0            408    9.62596e-12
0            409    3.50753e-10
0            410    9.48609e-09
0            411    1.89266e-07
0            412    2.78726e-06
0            413    3.04314e-05
0            414    0.000249585
0            415     0.00153485
0            416     0.00713862
0            417      0.0259374
0            418      0.0778428
0            419       0.202981
0            420       0.466663
0            421        0.93961
0            422        1.64978
0            423        2.52963
0            424        3.38859
0            425        3.97275
0            426        4.08702
0            427        3.69042
0            428        2.92422
0            429        2.03489
0            430        1.24743
0            431       0.675219
0            432       0.321214
0            433       0.131547
0            434      0.0455964
0            435       0.013479
0            436     0.00355684
0            437    0.000852114
0            438    0.000169904
0            439    2.47679e-05
0            440    2.40054e-06
0            441    1.49314e-07
0            442    6.01238e-09
0            443    1.63802e-10
0            444    3.23801e-12
0            445    4.93273e-14
0            446    5.77309e-16
0            447    4.97461e-18
0            448    3.01377e-20
0            449    1.26237e-22
0            450    3.63782e-25
0            451    7.13858e-28
0            452    9.69845e-31
0            453    9.47308e-34
0            454    7.66763e-37
0            455    6.90263e-40
0            456    7.72444e-43
0            457    8.44461e-46
0            458    7.58126e-49
0            459    5.40662e-52
0            460    3.02626e-55
0            461    1.34665e-58
0            462    4.86011e-62
0            463    1.42622e-65
0            464    3.44207e-69
0            465    6.85425e-73
0            466    1.13457e-76
0            467    1.56105e-80
0            468    1.78435e-84
0            469    1.70551e-88
0            470    1.37353e-92
0            471    9.26792e-97
0            472    5.3255e-101
0            473   2.59405e-105
0            474   1.07358e-109
0            475   3.87596e-114
0            476   1.19613e-118
0            477   3.26895e-123
0            478   7.74656e-128
0            479    1.6374e-132
0            480   3.04538e-137
0            481   5.13192e-142
0            482   7.72578e-147
0            483   1.06129e-151
0            484   1.33488e-156
0            485   1.54265e-161
0            486   1.64348e-166
0            487   1.65046e-171
0            488   1.55266e-176
0            489    1.3728e-181
0            490   1.15569e-186
0            491   9.39171e-192
0            492   7.31322e-197
0            493   5.53248e-202
0            494    4.1245e-207
0            495    3.0174e-212
0            496   2.25808e-217
0            497   1.82763e-222
0            498   2.07347e-227
0            499   4.19702e-232
0            500   1.26556e-236
0            501   4.31546e-241
0            502   1.50762e-245
0            503   5.38826e-250
0            504   1.93661e-254
0            505   7.09529e-259
0            506   2.64581e-263
0            507   1.00801e-267
0            508   3.97258e-272
0            509   1.60321e-276
0            510   6.70759e-281
0            511   2.92077e-285
0            512   1.33654e-289
0            513   6.41389e-294
0            514   3.22139e-298
0            515   1.70951e-302
0            516   9.67698e-307
0            517              0
0            518              0
0            519              0
0            520              0
0            521              0
0            522              0
0            523              0
0            524              0
0            525              0
0            526              0
0            527              0
0            528              0
0            529              0
0            530              0
0            531              0
0            532              0
0            533              0
0            534              0
0            535              0
0            536              0
0            537              0
0            538              0
0            539              0
0            540              0
0            541              0
0            542              0
0            543              0
0            544              0
0            545        29.3694
0            546        28.6009
0            547        27.1236
0            548        22.4213
0            549        12.8137
0            550        3.98285
0            551       0.868383
0            552       0.171276
0            553     0.00827705
0            554        24.3118
0            555        23.7541
0            556        22.6945
0            557        18.8337
0            558        10.5917
0            559        3.30127
0            560       0.710422
0            561       0.111111
0            562     0.00745708
0            563    0.000110021
0            564    0.000117787
0            565    0.000128122
0            566    0.000139904
0            567    0.000130382
0            568    4.87691e-05
0            569    1.64019e-05
0            570    9.17985e-06
0            571    8.43658e-08
0            572    9.07183e-15
0            573    9.32965e-15
0            574    1.19659e-14
0            575      1.758e-14
0            576    4.52124e-14
0            577    4.46652e-14
0            578    2.04596e-14
0            579    3.12317e-15
0            580     1.9277e-16
0            581    1.02614e-27
0            582    9.93304e-28
0            583    2.87445e-27
0            584     5.9113e-27
0            585    2.57509e-26
0            586    6.79855e-26
0            587    3.10881e-26
0            588    9.71864e-28
0            589    7.17432e-29
0            590    5.47757e-42
0            591    7.41576e-42
0            592    1.11613e-41
0            593    1.94834e-41
0            594    1.51271e-38
0            595    2.46006e-39
0            596    2.79332e-39
0            597    8.95082e-41
0            598    6.40158e-42
