0              0    4.07956e-71
0              1    1.61724e-67
0              2    6.39472e-64
0              3    2.25451e-60
0              4    7.15023e-57
0              5    1.90991e-53
0              6    4.53289e-50
0              7     8.9223e-47
0              8    1.38561e-43
0              9    1.79772e-40
0             10    1.87537e-37
0             11    1.54326e-34
0             12    1.02749e-31
0             13    5.42482e-29
0             14    2.29066e-26
0             15    8.54143e-24
0             16    2.82263e-21
0             17    8.00501e-19
0             18    1.84849e-16
0             19     3.1177e-14
0             20    3.70915e-12
0             21    2.91233e-10
0             22    1.49815e-08
0             23     5.1993e-07
0             24    1.15922e-05
0             25    0.000173584
0             26     0.00177272
0             27      0.0124083
0             28      0.0622882
0             29       0.233682
0             30       0.690546
0             31        1.65121
0             32        3.34496
0             33        6.18943
0             34        10.7464
0             35        17.3715
0             36        26.5123
0             37        39.1727
0             38        56.4337
0             39        78.4252
0             40        104.404
0             41        133.751
0             42        164.959
0             43        193.296
0             44        212.991
0             45        221.703
0             46        220.308
0             47        209.215
0             48        189.332
0             49        162.798
0             50        132.392
0             51        101.101
0             52         73.049
0             53         50.886
0             54        34.2091
0             55        21.8319
0             56        13.2593
0             57        7.73712
0             58        4.16432
0             59        1.95823
0             60       0.808585
0             61       0.319948
0             62       0.124804
0             63      0.0409895
0             64     0.00954347
0             65     0.00145343
0             66    0.000163636
0             67    2.26056e-05
0             68    4.58415e-06
0             69     7.8577e-07
0             70    8.56124e-08
0             71    5.74481e-09
0             72    2.41904e-10
0             73    6.30781e-12
0             74    1.04515e-13
0             75    1.08099e-15
0             76    7.17677e-18
0             77     3.2117e-20
0             78    9.38623e-23
0             79    1.82921e-25
0             80     2.4785e-28
0             81    2.31661e-31
0             82     1.5356e-34
0             83     7.5901e-38
0             84    2.65801e-41
0             85    6.94723e-45
0             86    1.46399e-48
0             87     2.3495e-52
0             88    3.05306e-56
0             89    3.17447e-60
0             90    3.00906e-64
0             91   6.52219e-116
0             92   3.79724e-110
0             93   1.86249e-104
0             94    7.59878e-99
0             95    3.21559e-93
0             96     1.6508e-87
0             97     9.8655e-82
0             98    5.00298e-76
0             99     2.2643e-70
0            100    1.10031e-64
0            101     5.0705e-59
0            102    1.66784e-53
0            103    3.41815e-48
0            104     4.2156e-43
0            105    3.09674e-38
0            106    1.30661e-33
0            107    3.16722e-29
0            108    4.24824e-25
0            109    3.06709e-21
0            110    1.16516e-17
0            111    2.12751e-14
0            112    1.67396e-11
0            113    5.31021e-09
0            114    6.18154e-07
0            115    2.66686e-05
0            116    0.000406505
0            117      0.0022004
0            118     0.00449365
0            119     0.00726109
0            120      0.0338517
0            121       0.138011
0            122       0.361244
0            123       0.826342
0            124        1.74149
0            125        3.29558
0            126        5.75417
0            127        9.15864
0            128        13.9578
0            129        20.9555
0            130         29.763
0            131        39.8265
0            132        50.9868
0            133        62.7627
0            134        73.5225
0            135        80.9348
0            136        83.6963
0            137        82.4042
0            138        77.3996
0            139        69.1555
0            140        58.8361
0            141        47.4062
0            142         36.135
0            143        26.1426
0            144        17.8026
0            145        11.4097
0            146         6.9944
0            147        4.26086
0            148        2.44857
0            149        1.27055
0            150       0.648506
0            151       0.298421
0            152       0.103725
0            153        0.02427
0            154     0.00460867
0            155     0.00652516
0            156      0.0131504
0            157     0.00980913
0            158     0.00259313
0            159    0.000249363
0            160    8.72246e-06
0            161    1.16583e-07
0            162    6.12097e-10
0            163    1.31677e-12
0            164    1.21357e-15
0            165    5.03541e-19
0            166    1.07495e-22
0            167    1.49703e-26
0            168     1.6812e-30
0            169    1.75237e-34
0            170     1.6193e-38
0            171    1.06901e-42
0            172    4.47868e-47
0            173    1.16466e-51
0            174     1.9463e-56
0            175    2.13304e-61
0            176    1.55348e-66
0            177      8.442e-72
0            178    3.40364e-77
0            179    1.14356e-82
0            180    3.14247e-88
0            181    7.44557e-94
0            182   1.43768e-217
0            183   7.84833e-205
0            184   3.22159e-192
0            185   9.24251e-180
0            186   1.59247e-167
0            187   1.70653e-155
0            188   9.82649e-144
0            189   2.92786e-132
0            190   4.32925e-121
0            191   2.71544e-110
0            192    7.1879e-100
0            193    7.53392e-90
0            194    2.94907e-80
0            195    3.91716e-71
0            196    1.77324e-62
0            197    2.57452e-54
0            198    1.15408e-46
0            199    1.51065e-39
0            200     5.4226e-33
0            201    4.83382e-27
0            202    1.03337e-21
0            203    4.97072e-17
0            204    5.11212e-13
0            205      1.105e-09
0            206    4.78454e-07
0            207    4.13958e-05
0            208    0.000704375
0            209     0.00248437
0            210     0.00483153
0            211      0.0140165
0            212       0.032488
0            213      0.0818376
0            214       0.179033
0            215       0.409411
0            216       0.855056
0            217          1.569
0            218        2.70029
0            219        4.24026
0            220        6.08467
0            221        8.77974
0            222        12.2665
0            223        15.8494
0            224         19.428
0            225         22.848
0            226        25.1251
0            227        26.5517
0            228        26.2154
0            229        24.6352
0            230        22.2378
0            231        18.8036
0            232        14.9606
0            233        11.2601
0            234        7.98687
0            235        5.51932
0            236         3.6253
0            237        2.23901
0            238        1.22682
0            239       0.672764
0            240       0.365662
0            241       0.171047
0            242      0.0922114
0            243       0.061976
0            244      0.0262964
0            245      0.0105543
0            246     0.00615264
0            247      0.0012122
0            248    4.27961e-05
0            249    2.65421e-07
0            250    3.08121e-10
0            251    7.45699e-14
0            252    3.91272e-18
0            253     4.5687e-23
0            254    1.22116e-28
0            255    7.47961e-35
0            256    1.12541e-41
0            257    4.40759e-49
0            258    4.81344e-57
0            259    1.84542e-65
0            260    5.56908e-74
0            261      1.492e-82
0            262    1.84173e-91
0            263   9.02593e-101
0            264   1.82956e-110
0            265   1.55714e-120
0            266   6.84242e-131
0            267   1.98952e-141
0            268   5.06408e-152
0            269    1.1246e-162
0            270   1.61595e-173
0            271   1.53794e-184
0            272   9.89013e-196
0            273              0
0            274              0
0            275              0
0            276              0
0            277              0
0            278              0
0            279   1.75078e-292
0            280   8.26958e-272
0            281   1.72553e-251
0            282   2.83523e-231
0            283   1.53099e-211
0            284   1.62815e-192
0            285   4.93771e-174
0            286   3.39929e-155
0            287    4.6035e-137
0            288    5.2385e-120
0            289   4.45155e-104
0            290    2.57347e-89
0            291    1.23838e-75
0            292     1.2894e-62
0            293    1.39311e-50
0            294    6.19133e-40
0            295    9.64381e-31
0            296    5.01637e-23
0            297    8.43903e-17
0            298    5.23109e-12
0            299    1.53093e-08
0            300    2.56416e-06
0            301    0.000172404
0            302     0.00406363
0            303      0.0167717
0            304      0.0252775
0            305      0.0492211
0            306       0.104921
0            307       0.233192
0            308       0.405585
0            309       0.715688
0            310         1.1767
0            311        1.82885
0            312        2.52518
0            313        3.48852
0            314        4.54797
0            315         5.6689
0            316        6.59309
0            317        7.33687
0            318        7.64834
0            319        7.58691
0            320        7.08004
0            321         6.3233
0            322        5.33078
0            323        4.28537
0            324        3.19751
0            325        2.25758
0            326        1.52617
0            327       0.997888
0            328       0.579968
0            329       0.327349
0            330       0.186825
0            331       0.103237
0            332      0.0442858
0            333      0.0188424
0            334      0.0129467
0            335     0.00441584
0            336     0.00193405
0            337    0.000123096
0            338    3.06569e-07
0            339    3.22489e-11
0            340     1.6035e-16
0            341    4.04797e-23
0            342    5.73868e-31
0            343    5.11376e-40
0            344    3.62588e-50
0            345    2.74073e-61
0            346     2.2774e-73
0            347    1.81434e-86
0            348   1.37272e-100
0            349    1.0896e-115
0            350   1.14233e-131
0            351   3.18402e-148
0            352   3.64302e-165
0            353     9.658e-183
0            354    5.2904e-201
0            355   6.18727e-220
0            356   1.81956e-239
0            357   1.45117e-259
0            358   3.75558e-280
0            359   3.28512e-301
0            360              0
0            361              0
0            362              0
0            363              0
0            364              0
0            365              0
0            366              0
0            367              0
0            368              0
0            369              0
0            370              0
0            371              0
0            372              0
0            373              0
0            374              0
0            375              0
0            376              0
0            377              0
0            378              0
0            379              0
0            380              0
0            381              0
0            382              0
0            383              0
0            384              0
0            385              0
0            386              0
0            387   1.72967e-306
0            388   2.87006e-289
0            389   2.10072e-272
0            390   6.22181e-256
0            391    6.5331e-240
0            392   2.44619e-224
0            393   3.01945e-209
0            394   1.23278e-194
0            395   1.62634e-180
0            396   6.85673e-167
0            397   9.29333e-154
0            398   4.33233e-141
0            399    7.1881e-129
0            400   4.14318e-117
0            401   7.52074e-106
0            402    4.08408e-95
0            403     6.1296e-85
0            404    2.44021e-75
0            405    2.55558e-66
0            406    6.74167e-58
0            407    4.56212e-50
0            408    7.56251e-43
0            409    3.05428e-36
0            410    2.99002e-30
0            411    7.04079e-25
0            412    3.95911e-20
0            413    5.18173e-16
0            414    1.59712e-12
0            415    1.14291e-09
0            416    1.92134e-07
0            417    7.90349e-06
0            418    9.12186e-05
0            419     0.00036766
0            420    0.000640238
0            421    0.000781859
0            422     0.00164499
0            423      0.0037748
0            424     0.00411899
0            425     0.00463979
0            426     0.00745846
0            427       0.010716
0            428      0.0158171
0            429      0.0236541
0            430      0.0330445
0            431      0.0453211
0            432      0.0607119
0            433      0.0852648
0            434       0.117444
0            435        0.15172
0            436       0.194571
0            437       0.241854
0            438       0.304601
0            439       0.379606
0            440        0.48026
0            441       0.606001
0            442       0.711318
0            443       0.826464
0            444        0.95594
0            445         1.0813
0            446        1.22474
0            447         1.3926
0            448         1.5438
0            449        1.69896
0            450        1.85234
0            451        1.95832
0            452        2.02088
0            453        2.06857
0            454        2.09446
0            455        2.08357
0            456        2.09046
0            457         2.0545
0            458        1.99603
0            459        1.90066
0            460        1.72276
0            461        1.55818
0            462        1.44148
0            463        1.30796
0            464        1.18692
0            465        1.03866
0            466       0.900072
0            467       0.763203
0            468       0.647445
0            469       0.540617
0            470       0.431065
0            471       0.343199
0            472       0.268073
0            473        0.21252
0            474       0.169263
0            475       0.141916
0            476       0.109134
0            477      0.0753559
0            478      0.0536626
0            479      0.0403371
0            480      0.0306124
0            481       0.021576
0            482      0.0132044
0            483     0.00951033
0            484     0.00645883
0            485     0.00402738
0            486     0.00313102
0            487     0.00143771
0            488    0.000322465
0            489    0.000584271
0            490     0.00107242
0            491    0.000818173
0            492    0.000271049
0            493    2.66445e-05
0            494    4.35023e-06
0            495    7.54739e-06
0            496    2.58526e-06
0            497    1.53302e-07
0            498    1.60935e-09
0            499    3.11743e-12
0            500    1.19435e-15
0            501    9.83839e-20
0            502    1.83788e-24
0            503    7.88206e-30
0            504    7.30907e-36
0            505    1.45684e-42
0            506    6.14024e-50
0            507    5.53609e-58
0            508    1.09647e-66
0            509    4.71229e-76
0            510    4.52299e-86
0            511    9.92264e-97
0            512   5.10342e-108
0            513   6.26027e-120
0            514   2.15969e-132
0            515   3.54426e-145
0            516   3.62323e-158
0            517   1.37021e-171
0            518   1.58446e-185
0            519   5.23577e-200
0            520   5.29731e-215
0            521   1.61672e-230
0            522   1.56646e-246
0            523   4.76924e-263
0            524   4.93348e-280
0            525   1.66239e-297
0            526              0
0            527              0
0            528              0
0            529              0
0            530              0
0            531              0
0            532              0
0            533              0
0            534              0
0            535              0
0            536              0
0            537              0
0            538              0
0            539              0
0            540              0
0            541              0
0            542              0
0            543              0
0            544              0
0            545      0.0131652
0            546     0.00954852
0            547     0.00522229
0            548    0.000886565
0            549    0.000122134
0            550    5.48666e-05
0            551    8.07992e-15
0            552    2.06239e-18
0            553    1.12009e-51
0            554        5.04232
0            555        4.80897
0            556        4.40165
0            557        3.25387
0            558        1.27339
0            559       0.119024
0            560    0.000331234
0            561    0.000461808
0            562    1.41711e-35
0            563         65.648
0            564        62.8049
0            565        56.8524
0            566        39.9387
0            567        14.4204
0            568        1.65535
0            569      0.0709173
0            570    5.44168e-05
0            571    6.07331e-25
0            572        75.0783
0            573        71.5194
0            574        64.2016
0            575        44.8767
0            576        16.7405
0            577         1.6717
0            578      0.0903969
0            579    8.49184e-06
0            580    4.06801e-24
0            581        6.38587
0            582        6.04788
0            583        5.45694
0            584         3.9069
0            585        1.48268
0            586       0.143954
0            587     0.00226778
0            588    6.18576e-10
0            589    1.29658e-30
0            590      0.0113819
0            591      0.0115464
0            592      0.0102222
0            593     0.00535697
0            594     0.00167317
0            595    0.000134432
0            596     3.3888e-13
0            597     3.6559e-20
0            598    4.14899e-49
