0              0    1.48626e-21
0              1    4.65697e-20
0              2    1.43275e-18
0              3    4.17637e-17
0              4    1.16602e-15
0              5    3.07264e-14
0              6     7.8159e-13
0              7    1.85958e-11
0              8     4.0395e-10
0              9    8.12304e-09
0             10     1.4714e-07
0             11    2.35331e-06
0             12    3.31425e-05
0             13    0.000401471
0             14     0.00410834
0             15      0.0357415
0             16       0.256178
0             17        1.48297
0             18        6.90866
0             19        25.4384
0             20        73.6219
0             21        164.524
0             22        282.573
0             23        371.939
0             24        372.531
0             25        284.508
0             26        165.584
0             27        74.0851
0             28        25.5703
0             29        6.89455
0             30        1.45654
0             31       0.245166
0             32      0.0338316
0             33     0.00381879
0             34    0.000358809
0             35    2.86908e-05
0             36    1.95544e-06
0             37    1.15265e-07
0             38    6.00595e-09
0             39    2.72099e-10
0             40    1.09545e-11
0             41    4.05717e-13
0             42    1.35968e-14
0             43    4.21855e-16
0             44    1.21098e-17
0             45    3.37754e-19
0             46    9.05736e-21
0             47     2.3061e-22
0             48    5.86342e-24
0             49     1.5068e-25
0             50    3.88928e-27
0             51    9.94733e-29
0             52    2.65182e-30
0             53    7.32414e-32
0             54    2.06018e-33
0             55    6.02845e-35
0             56    1.82403e-36
0             57    5.68904e-38
0             58    1.85714e-39
0             59    6.29207e-41
0             60    2.15368e-42
0             61    7.57261e-44
0             62    2.79092e-45
0             63     1.0514e-46
0             64    4.13893e-48
0             65    1.66111e-49
0             66    6.95513e-51
0             67    3.11229e-52
0             68    1.41689e-53
0             69     6.8966e-55
0             70    3.58392e-56
0             71    1.94007e-57
0             72    1.12266e-58
0             73     6.9304e-60
0             74    4.56909e-61
0             75    3.20623e-62
0             76    2.39722e-63
0             77    1.96278e-64
0             78    1.70835e-65
0             79    1.61786e-66
0             80     1.6705e-67
0             81    1.83055e-68
0             82    2.17898e-69
0             83     2.8266e-70
0             84    3.86801e-71
0             85    5.85291e-72
0             86    9.64944e-73
0             87    1.67706e-73
0             88    3.22015e-74
0             89    6.64536e-75
0             90    1.49428e-75
0             91    2.50186e-36
0             92    6.38433e-34
0             93    1.60125e-31
0             94    3.72875e-29
0             95    8.04354e-27
0             96    1.54837e-24
0             97    2.74005e-22
0             98    4.33168e-20
0             99    6.12154e-18
0            100    7.58559e-16
0            101    7.94061e-14
0            102    6.81426e-12
0            103    4.68744e-10
0            104    2.53973e-08
0            105     1.0664e-06
0            106    3.40299e-05
0            107    0.000822736
0            108       0.014745
0            109       0.190085
0            110        1.71082
0            111        10.3699
0            112        41.0584
0            113        104.123
0            114        165.799
0            115        165.257
0            116        102.918
0            117        40.3238
0            118        10.0849
0            119        1.64772
0            120       0.180417
0            121       0.013689
0            122     0.00074397
0            123    2.95191e-05
0            124    8.80721e-07
0            125    2.02421e-08
0            126    3.65772e-10
0            127    5.31375e-12
0            128    6.34384e-14
0            129    6.36041e-16
0            130    5.37173e-18
0            131    3.79075e-20
0            132    2.30514e-22
0            133    1.18302e-24
0            134     5.3285e-27
0            135    2.09354e-29
0            136     7.4799e-32
0            137    2.47472e-34
0            138    7.69321e-37
0            139    2.35493e-39
0            140     6.8041e-42
0            141    1.96644e-44
0            142    5.44225e-47
0            143     1.4862e-49
0            144    4.02583e-52
0            145    1.08608e-54
0            146    2.99301e-57
0            147     8.4659e-60
0            148    2.53266e-62
0            149    7.85395e-65
0            150    2.64601e-67
0            151    9.62288e-70
0            152    3.77564e-72
0            153    1.58755e-74
0            154    7.26965e-77
0            155    3.61226e-79
0            156    1.98165e-81
0            157    1.19501e-83
0            158    7.73861e-86
0            159    5.70924e-88
0            160    4.59811e-90
0            161    4.10707e-92
0            162    4.06066e-94
0            163    4.52561e-96
0            164    5.66926e-98
0            165    7.9599e-100
0            166   1.24991e-101
0            167   2.23715e-103
0            168   4.45306e-105
0            169   1.02618e-106
0            170   2.62275e-108
0            171   7.72843e-110
0            172   2.56628e-111
0            173   9.78211e-113
0            174   4.27834e-114
0            175   2.13911e-115
0            176   1.19083e-116
0            177   7.57834e-118
0            178   5.55955e-119
0            179   4.54462e-120
0            180   4.25938e-121
0            181   4.50458e-122
0            182    1.91715e-60
0            183    2.54874e-56
0            184    3.10135e-52
0            185    3.26647e-48
0            186    2.71715e-44
0            187    1.75923e-40
0            188    8.38073e-37
0            189    2.93628e-33
0            190    7.71563e-30
0            191    1.52316e-26
0            192     2.3507e-23
0            193    2.77714e-20
0            194    2.37093e-17
0            195    1.35973e-14
0            196    5.10148e-12
0            197    1.21736e-09
0            198    1.82975e-07
0            199    1.72818e-05
0            200     0.00100619
0            201      0.0343463
0            202       0.647844
0            203        6.25818
0            204        29.1513
0            205        63.1813
0            206        62.4557
0            207        28.1944
0            208        5.91944
0            209       0.602219
0            210      0.0312851
0            211    0.000891295
0            212    1.47813e-05
0            213    1.47464e-07
0            214    9.01423e-10
0            215     3.4421e-12
0            216    8.30327e-15
0            217    1.32994e-17
0            218    1.47784e-20
0            219    1.18355e-23
0            220    6.88891e-27
0            221    3.03865e-30
0            222    1.01526e-33
0            223    2.55235e-37
0            224      4.983e-41
0            225    7.45463e-45
0            226    9.16867e-49
0            227    9.96817e-53
0            228    1.04676e-56
0            229    1.11032e-60
0            230    1.12708e-64
0            231    1.06843e-68
0            232    8.85649e-73
0            233    6.61428e-77
0            234    4.45593e-81
0            235    2.72337e-85
0            236    1.58869e-89
0            237     8.7864e-94
0            238    4.72019e-98
0            239   2.52406e-102
0            240   1.39564e-106
0            241   7.89942e-111
0            242   4.66796e-115
0            243   3.01374e-119
0            244   2.08303e-123
0            245   1.61212e-127
0            246   1.42066e-131
0            247   1.40358e-135
0            248   1.62082e-139
0            249   2.23139e-143
0            250   3.59677e-147
0            251    7.0423e-151
0            252    1.6803e-154
0            253   4.97555e-158
0            254   1.82064e-161
0            255     8.231e-165
0            256   4.77575e-168
0            257    3.4631e-171
0            258   3.26528e-174
0            259    3.8947e-177
0            260   5.97373e-180
0            261   1.17066e-182
0            262   2.97691e-185
0            263   9.76274e-188
0            264   4.10399e-190
0            265   2.18916e-192
0            266   1.50982e-194
0            267   1.33505e-196
0            268   1.49891e-198
0            269   2.13696e-200
0            270   3.80431e-202
0            271   8.46829e-204
0            272   2.38435e-205
0            273   2.46183e-100
0            274    2.05865e-93
0            275    1.12516e-86
0            276    3.89697e-80
0            277    8.17929e-74
0            278    1.00563e-67
0            279    6.99624e-62
0            280    2.92568e-56
0            281    1.04173e-50
0            282    5.15964e-45
0            283    2.11727e-39
0            284    4.85649e-34
0            285    5.45181e-29
0            286    2.72067e-24
0            287    5.48398e-20
0            288    4.31221e-16
0            289    1.32335e-12
0            290    1.61385e-09
0            291    8.13931e-07
0            292    0.000175835
0            293      0.0158692
0            294       0.543741
0            295        6.20841
0            296         21.348
0            297         21.073
0            298        5.99036
0            299       0.511188
0            300      0.0143119
0            301    0.000148723
0            302    6.33017e-07
0            303    1.18481e-09
0            304    1.03554e-12
0            305    4.10655e-16
0            306    6.67807e-20
0            307    4.25234e-24
0            308    1.07035e-28
0            309    1.15799e-33
0            310    6.07095e-39
0            311    1.79705e-44
0            312    3.13248e-50
0            313    3.24698e-56
0            314     1.9838e-62
0            315    7.77319e-69
0            316    2.19681e-75
0            317    4.84552e-82
0            318    8.02437e-89
0            319    9.44899e-96
0            320   7.89497e-103
0            321   4.80339e-110
0            322    2.2651e-117
0            323   9.05747e-125
0            324   3.35043e-132
0            325   1.21564e-139
0            326   4.63549e-147
0            327   1.77481e-154
0            328   6.93115e-162
0            329   2.72594e-169
0            330   1.07114e-176
0            331   4.26785e-184
0            332   1.80549e-191
0            333   8.28166e-199
0            334   4.21495e-206
0            335   2.48098e-213
0            336   1.77476e-220
0            337   1.58372e-227
0            338   1.85411e-234
0            339   3.15575e-241
0            340   7.75345e-248
0            341   2.71941e-254
0            342   1.36281e-260
0            343   9.39513e-267
0            344   8.95828e-273
0            345   1.14642e-278
0            346   2.04488e-284
0            347   5.12735e-290
0            348   1.79811e-295
0            349   8.92014e-301
0            350    6.3108e-306
0            351              0
0            352              0
0            353              0
0            354              0
0            355              0
0            356              0
0            357              0
0            358              0
0            359              0
0            360              0
0            361              0
0            362              0
0            363              0
0            364   9.13878e-182
0            365   3.30115e-175
0            366   1.03456e-168
0            367   2.74566e-162
0            368   6.15295e-156
0            369   1.14644e-149
0            370   1.84362e-143
0            371   2.56563e-137
0            372   3.08379e-131
0            373   3.18979e-125
0            374   2.76729e-119
0            375   1.96582e-113
0            376   1.09195e-107
0            377   4.67337e-102
0            378    1.52056e-96
0            379    3.70166e-91
0            380    6.64011e-86
0            381    8.90466e-81
0            382    8.77528e-76
0            383    6.55538e-71
0            384    3.69368e-66
0            385    1.54606e-61
0            386    4.82355e-57
0            387    1.07809e-52
0            388    1.69592e-48
0            389    1.82019e-44
0            390    1.32393e-40
0            391    6.37697e-37
0            392    2.05744e-33
0            393     4.4319e-30
0            394    6.50997e-27
0            395    6.63774e-24
0            396    4.74351e-21
0            397    2.35251e-18
0            398     7.9643e-16
0            399    1.79221e-13
0            400    2.62543e-11
0            401    2.46797e-09
0            402    1.49054e-07
0            403     5.7927e-06
0            404    0.000147355
0            405      0.0025108
0            406      0.0286983
0            407       0.218108
0            408        1.07776
0            409        3.41016
0            410         6.8258
0            411        8.56692
0            412        6.71484
0            413        3.30102
0            414         1.0265
0            415       0.204488
0            416      0.0263732
0            417     0.00224083
0            418    0.000128677
0            419    5.07432e-06
0            420    1.39264e-07
0            421    2.68807e-09
0            422    3.65579e-11
0            423    3.42163e-13
0            424    2.13877e-15
0            425    8.69412e-18
0            426    2.25991e-20
0            427    3.70109e-23
0            428    3.83116e-26
0            429    2.47679e-29
0            430    1.01179e-32
0            431    2.59841e-36
0            432    4.23989e-40
0            433    4.39684e-44
0            434    2.97232e-48
0            435     1.3213e-52
0            436    4.11346e-57
0            437    9.96138e-62
0            438    2.06539e-66
0            439    3.94336e-71
0            440    6.67109e-76
0            441     9.8428e-81
0            442    1.26259e-85
0            443    1.36218e-90
0            444    1.17087e-95
0            445   7.78932e-101
0            446   3.91055e-106
0            447   1.47699e-111
0            448   4.17613e-117
0            449   8.99035e-123
0            450   1.49757e-128
0            451   1.89681e-134
0            452   1.86957e-140
0            453   1.44055e-146
0            454   8.83453e-153
0            455   4.31942e-159
0            456    1.6971e-165
0            457   5.42307e-172
0            458   1.41606e-178
0            459   3.10501e-185
0            460     5.637e-192
0            461   8.57769e-199
0            462   1.12974e-205
0            463   1.26975e-212
0            464   1.24326e-219
0            465      1.07e-226
0            466   8.17991e-234
0            467   5.61068e-241
0            468   3.47893e-248
0            469   1.99663e-255
0            470   1.08848e-262
0            471   5.73152e-270
0            472   3.11103e-277
0            473   1.89288e-284
0            474   1.51843e-291
0            475   2.01636e-298
0            476   3.90242e-305
0            477              0
0            478              0
0            479              0
0            480              0
0            481              0
0            482              0
0            483              0
0            484              0
0            485              0
0            486              0
0            487              0
0            488              0
0            489              0
0            490              0
0            491              0
0            492              0
0            493              0
0            494              0
0            495              0
0            496              0
0            497              0
0            498              0
0            499              0
0            500              0
0            501              0
0            502              0
0            503              0
0            504              0
0            505              0
0            506              0
0            507              0
0            508              0
0            509              0
0            510              0
0            511              0
0            512              0
0            513              0
0            514              0
0            515              0
0            516              0
0            517              0
0            518              0
0            519              0
0            520              0
0            521              0
0            522              0
0            523              0
0            524              0
0            525              0
0            526              0
0            527              0
0            528              0
0            529              0
0            530              0
0            531              0
0            532              0
0            533              0
0            534              0
0            535              0
0            536              0
0            537              0
0            538              0
0            539              0
0            540              0
0            541              0
0            542              0
0            543              0
0            544              0
0            545        4.41611
0            546        4.38577
0            547        4.28413
0            548        3.71928
0            549        2.21237
0            550       0.701149
0            551       0.134256
0            552      0.0161953
0            553    0.000138653
0            554    1.94112e-09
0            555    2.28007e-09
0            556    2.81162e-09
0            557    4.16448e-09
0            558    5.63377e-09
0            559    3.19385e-09
0            560    1.18388e-09
0            561    2.03507e-10
0            562    5.77353e-12
0            563    1.17906e-23
0            564    1.18587e-23
0            565    1.69557e-23
0            566    6.91483e-23
0            567    1.86737e-22
0            568    1.21122e-22
0            569    5.20663e-23
0            570    2.54298e-23
0            571    6.54583e-25
0            572     8.0374e-41
0            573    9.36215e-41
0            574    1.26624e-40
0            575    4.63647e-40
0            576    1.99382e-39
0            577    1.15454e-38
0            578    1.21379e-39
0            579    4.86088e-40
0            580    1.11227e-40
0            581    5.91116e-59
0            582    1.04252e-58
0            583    1.57004e-58
0            584    3.24299e-58
0            585    5.66152e-57
0            586    1.46793e-56
0            587    1.26092e-56
0            588    3.60395e-57
0            589    1.04651e-57
0            590    2.42062e-76
0            591    5.47715e-76
0            592    1.05878e-75
0            593    2.42737e-75
0            594    4.48865e-74
0            595    1.73805e-73
0            596    2.51542e-73
0            597    2.97618e-74
0            598     5.2601e-75
