0              0    3.57457e-57
0              1    3.20496e-55
0              2    3.10484e-53
0              3    3.16866e-51
0              4    3.63878e-49
0              5    4.73038e-47
0              6    7.37832e-45
0              7    1.29759e-42
0              8    2.30438e-40
0              9    4.13762e-38
0             10    7.11999e-36
0             11    1.12527e-33
0             12    1.65645e-31
0             13    2.20708e-29
0             14    2.58936e-27
0             15    2.78018e-25
0             16    2.62142e-23
0             17    2.14606e-21
0             18    1.56498e-19
0             19    1.00994e-17
0             20    5.87566e-16
0             21    2.95982e-14
0             22    1.27992e-12
0             23    4.75898e-11
0             24    1.40688e-09
0             25    3.37624e-08
0             26    6.44612e-07
0             27    9.50103e-06
0             28    0.000109505
0             29    0.000981563
0             30     0.00707734
0             31      0.0422817
0             32       0.216784
0             33       0.989146
0             34        3.95809
0             35        13.4794
0             36         38.657
0             37        92.9433
0             38        186.397
0             39        312.093
0             40        433.298
0             41        496.403
0             42        470.512
0             43        369.913
0             44        241.693
0             45         132.33
0             46        60.6021
0             47        23.0312
0             48        7.34734
0             49        1.98111
0             50        0.45409
0             51      0.0869739
0             52      0.0138518
0             53      0.0017922
0             54    0.000181378
0             55    1.42921e-05
0             56    8.72664e-07
0             57    4.11046e-08
0             58    1.52649e-09
0             59    4.53464e-11
0             60    1.06203e-12
0             61    2.04049e-14
0             62     3.3563e-16
0             63    4.73476e-18
0             64    6.08256e-20
0             65    7.30478e-22
0             66    8.98404e-24
0             67    1.17612e-25
0             68    1.52912e-27
0             69    2.02536e-29
0             70     2.5665e-31
0             71    3.02938e-33
0             72    3.44539e-35
0             73    3.74018e-37
0             74    3.97262e-39
0             75    4.10583e-41
0             76    4.23354e-43
0             77     4.5618e-45
0             78    4.93735e-47
0             79    5.47602e-49
0             80    6.30587e-51
0             81    7.33108e-53
0             82    8.77386e-55
0             83    1.09972e-56
0             84     1.3806e-58
0             85    1.81835e-60
0             86    2.55874e-62
0             87    3.68271e-64
0             88    5.69285e-66
0             89    9.23443e-68
0             90    1.64651e-69
0             91    1.59963e-92
0             92    2.19195e-89
0             93    3.17636e-86
0             94    5.14182e-83
0             95    1.18994e-79
0             96    4.72652e-76
0             97    2.68106e-72
0             98    1.56859e-68
0             99    8.76129e-65
0            100    4.52647e-61
0            101    2.08997e-57
0            102    8.35863e-54
0            103    2.87162e-50
0            104    8.21266e-47
0            105     1.9445e-43
0            106    3.64927e-40
0            107    5.49699e-37
0            108    6.54241e-34
0            109    6.16051e-31
0            110    4.74926e-28
0            111      3.092e-25
0            112     1.7008e-22
0            113    7.66936e-20
0            114    2.53391e-17
0            115    6.07153e-15
0            116    9.67185e-13
0            117    1.01473e-10
0            118    6.86155e-09
0            119    2.94059e-07
0            120    7.98055e-06
0            121    0.000137029
0            122     0.00152254
0            123      0.0117942
0            124      0.0723056
0            125       0.385313
0            126        1.75408
0            127        6.62884
0            128        20.8613
0            129        53.2416
0            130        106.685
0            131         166.17
0            132         201.12
0            133        189.628
0            134        140.214
0            135        81.8568
0            136        37.5877
0            137        13.3754
0            138        3.66468
0            139       0.782936
0            140       0.128877
0            141       0.016181
0            142     0.00146651
0            143    9.28281e-05
0            144    3.95332e-06
0            145    1.10817e-07
0            146    2.05139e-09
0            147    2.51787e-11
0            148    2.07624e-13
0            149    1.14498e-15
0            150    4.34012e-18
0            151    1.15382e-20
0            152    2.18163e-23
0            153    3.02656e-26
0            154    3.25529e-29
0            155    2.82485e-32
0            156    2.08025e-35
0            157    1.32684e-38
0            158    7.19114e-42
0            159    3.59135e-45
0            160    1.59001e-48
0            161    6.77171e-52
0            162    2.78892e-55
0            163    1.12124e-58
0            164    4.33822e-62
0            165    1.57974e-65
0            166    5.41745e-69
0            167    1.78428e-72
0            168    5.52515e-76
0            169    1.69249e-79
0            170    5.06416e-83
0            171    1.53984e-86
0            172    4.74315e-90
0            173    1.52612e-93
0            174    5.24459e-97
0            175   1.93585e-100
0            176   7.51298e-104
0            177   3.27852e-107
0            178   1.60161e-110
0            179   8.86244e-114
0            180   5.69709e-117
0            181   4.37963e-120
0            182   5.28839e-166
0            183   2.77114e-160
0            184   1.57235e-154
0            185    9.4534e-149
0            186   5.67889e-143
0            187    3.5112e-137
0            188   2.11392e-131
0            189   1.23673e-125
0            190    7.0284e-120
0            191   3.67658e-114
0            192    1.8638e-108
0            193   1.02529e-102
0            194    7.75811e-97
0            195    8.58116e-91
0            196    1.24021e-84
0            197    1.89871e-78
0            198    2.45828e-72
0            199    2.25521e-66
0            200    1.34393e-60
0            201    4.79529e-55
0            202    1.01613e-49
0            203    1.24843e-44
0            204    9.03913e-40
0            205     4.3264e-35
0            206    1.42484e-30
0            207    2.97723e-26
0            208    3.24447e-22
0            209    1.61469e-18
0            210    3.58673e-15
0            211    3.55399e-12
0            212    1.61885e-09
0            213    3.42433e-07
0            214    3.18082e-05
0            215     0.00123226
0            216      0.0208695
0            217       0.188699
0            218        1.12972
0            219        4.75779
0            220        14.5212
0            221        32.6065
0            222        53.8187
0            223        66.1545
0            224        61.3373
0            225        42.6469
0            226        22.1746
0            227         8.6021
0            228        2.48311
0            229       0.514981
0            230      0.0683731
0            231      0.0048933
0            232    0.000162615
0            233    2.38123e-06
0            234    1.51767e-08
0            235    4.26104e-11
0            236    5.54827e-14
0            237    3.40192e-17
0            238    1.00534e-20
0            239    1.46117e-24
0            240    1.09539e-28
0            241    4.34118e-33
0            242    9.86259e-38
0            243    1.44011e-42
0            244    1.45702e-47
0            245    1.04836e-52
0            246    5.20903e-58
0            247    1.67753e-63
0            248    3.60102e-69
0            249    5.46804e-75
0            250     6.1657e-81
0            251    5.98979e-87
0            252    5.43554e-93
0            253    5.07319e-99
0            254   5.29912e-105
0            255   6.27778e-111
0            256   8.19152e-117
0            257   1.06489e-122
0            258   1.33098e-128
0            259   1.57722e-134
0            260   1.82956e-140
0            261   2.06793e-146
0            262   2.40885e-152
0            263   2.96471e-158
0            264   3.94949e-164
0            265   5.66024e-170
0            266   9.36637e-176
0            267   1.80128e-181
0            268   4.04447e-187
0            269   1.11612e-192
0            270   3.68362e-198
0            271   1.53371e-203
0            272   8.28249e-209
0            273   2.90437e-301
0            274    2.1564e-290
0            275   2.05433e-279
0            276   2.38528e-268
0            277   3.13944e-257
0            278   4.55372e-246
0            279   6.95403e-235
0            280   1.33956e-223
0            281   4.13625e-212
0            282   1.76588e-200
0            283   6.65185e-189
0            284   1.84303e-177
0            285   3.30347e-166
0            286   3.69608e-155
0            287   2.40022e-144
0            288    9.3751e-134
0            289   2.95805e-123
0            290   9.23906e-113
0            291   1.81339e-102
0            292     1.5668e-92
0            293     5.0902e-83
0            294    5.88168e-74
0            295    2.41308e-65
0            296    3.81139e-57
0            297    2.41504e-49
0            298    5.54355e-42
0            299     3.7392e-35
0            300    6.24474e-29
0            301    2.37336e-23
0            302    1.99813e-18
0            303      3.687e-14
0            304    1.52506e-10
0            305    1.48417e-07
0            306    3.50037e-05
0            307     0.00210516
0            308      0.0371568
0            309       0.245162
0            310        1.06163
0            311        3.57544
0            312        8.73067
0            313        15.7302
0            314        20.5139
0            315        18.9492
0            316        12.5531
0            317        5.91992
0            318        1.97766
0            319        0.45059
0            320      0.0745757
0            321      0.0104225
0            322    0.000720708
0            323    1.18636e-05
0            324    4.67361e-08
0            325    5.32293e-11
0            326    1.41332e-14
0            327    7.39232e-19
0            328    7.68515e-24
0            329     1.6592e-29
0            330    8.08943e-36
0            331    9.72381e-43
0            332    3.18558e-50
0            333    2.94864e-58
0            334    7.76668e-67
0            335    5.97858e-76
0            336    1.40235e-85
0            337    1.03323e-95
0            338   2.67694e-106
0            339    1.0115e-116
0            340    2.1622e-126
0            341   2.97055e-136
0            342   2.25377e-146
0            343   9.77389e-157
0            344   2.55022e-167
0            345   4.19693e-178
0            346   4.76011e-189
0            347   3.89525e-200
0            348   2.41036e-211
0            349   1.20421e-222
0            350   5.13324e-234
0            351   1.97209e-245
0            352   7.38612e-257
0            353   2.73716e-268
0            354     1.103e-279
0            355   4.89717e-291
0            356   2.61955e-302
0            357              0
0            358              0
0            359              0
0            360              0
0            361              0
0            362              0
0            363              0
0            364              0
0            365              0
0            366              0
0            367              0
0            368              0
0            369              0
0            370              0
0            371              0
0            372              0
0            373              0
0            374              0
0            375              0
0            376              0
0            377              0
0            378              0
0            379              0
0            380              0
0            381              0
0            382              0
0            383              0
0            384   1.28906e-307
0            385   9.30078e-298
0            386   5.35825e-288
0            387   2.37703e-278
0            388   8.11384e-269
0            389   2.08354e-259
0            390   4.05477e-250
0            391   5.73075e-241
0            392    5.9845e-232
0            393   4.43842e-223
0            394   2.34604e-214
0            395    8.6984e-206
0            396   2.22782e-197
0            397   3.86988e-189
0            398   4.57933e-181
0            399   3.63669e-173
0            400   1.90715e-165
0            401   6.45243e-158
0            402   1.42512e-150
0            403   2.00821e-143
0            404   1.78272e-136
0            405   1.18295e-129
0            406   8.91812e-122
0            407   2.54427e-113
0            408    4.0716e-105
0            409     3.3545e-97
0            410    1.40231e-89
0            411    2.93363e-82
0            412    3.04502e-75
0            413    1.50895e-68
0            414    3.63899e-62
0            415    4.15102e-56
0            416    2.25406e-50
0            417    5.79798e-45
0            418    7.07513e-40
0            419    4.25258e-35
0            420    1.28257e-30
0            421    1.94861e-26
0            422    1.44627e-22
0            423    5.01438e-19
0            424    7.68967e-16
0            425    5.04103e-13
0            426     1.3841e-10
0            427    1.57775e-08
0            428    7.38564e-07
0            429    1.43364e-05
0            430    0.000117652
0            431    0.000445617
0            432     0.00100642
0            433     0.00218543
0            434     0.00560878
0            435      0.0154996
0            436      0.0438535
0            437       0.108891
0            438       0.233517
0            439       0.470972
0            440        0.89538
0            441        1.53843
0            442        2.40306
0            443        3.42823
0            444        4.48106
0            445         5.4074
0            446        5.95983
0            447        5.93842
0            448        5.41359
0            449        4.52841
0            450        3.47852
0            451        2.44792
0            452        1.55682
0            453        0.90555
0            454        0.49662
0            455        0.25058
0            456       0.111006
0            457      0.0444368
0            458      0.0159009
0            459     0.00461988
0            460      0.0011222
0            461    0.000236131
0            462    3.23919e-05
0            463    2.01021e-06
0            464     4.7289e-08
0            465     4.1138e-10
0            466    1.48114e-12
0            467    2.76452e-15
0            468    2.96429e-18
0            469    1.61082e-21
0            470    3.98544e-25
0            471    4.34024e-29
0            472    2.16397e-33
0            473    5.15826e-38
0            474    6.38717e-43
0            475    4.47586e-48
0            476    1.75041e-53
0            477    3.84666e-59
0            478    4.53813e-65
0            479    2.93402e-71
0            480    1.02449e-77
0            481    2.01123e-84
0            482    2.19281e-91
0            483    1.39209e-98
0            484   5.54428e-106
0            485   1.76372e-113
0            486   5.96133e-121
0            487   1.88854e-128
0            488   4.26102e-136
0            489   6.29176e-144
0            490   6.09545e-152
0            491   3.97956e-160
0            492   1.73587e-168
0            493   5.18645e-177
0            494   1.07867e-185
0            495   1.54068e-194
0            496    1.5615e-203
0            497   1.08388e-212
0            498   5.37483e-222
0            499   1.90889e-231
0            500   4.90837e-241
0            501   9.11042e-251
0            502   1.22629e-260
0            503   1.26208e-270
0            504   9.68389e-281
0            505   5.76054e-291
0            506   2.65285e-301
0            507              0
0            508              0
0            509              0
0            510              0
0            511              0
0            512              0
0            513              0
0            514              0
0            515              0
0            516              0
0            517              0
0            518              0
0            519              0
0            520              0
0            521              0
0            522              0
0            523              0
0            524              0
0            525              0
0            526              0
0            527              0
0            528              0
0            529              0
0            530              0
0            531              0
0            532              0
0            533              0
0            534              0
0            535              0
0            536              0
0            537              0
0            538              0
0            539              0
0            540              0
0            541              0
0            542              0
0            543              0
0            544              0
0            545    3.40773e-08
0            546    4.28152e-08
0            547    4.77166e-08
0            548    2.76295e-08
0            549    3.50415e-08
0            550     1.6718e-09
0            551     2.5762e-11
0            552    9.30491e-12
0            553     1.7771e-16
0            554       0.860543
0            555       0.862522
0            556       0.839608
0            557       0.698323
0            558       0.341342
0            559      0.0970757
0            560     0.00915626
0            561     0.00221603
0            562    1.13924e-05
0            563        227.821
0            564        218.696
0            565        201.495
0            566        150.039
0            567         68.885
0            568         13.637
0            569        2.00103
0            570       0.127991
0            571     0.00215386
0            572       0.337408
0            573       0.336596
0            574       0.327685
0            575         0.2991
0            576       0.187348
0            577      0.0602748
0            578     0.00638053
0            579    0.000243391
0            580    1.17103e-07
0            581    2.10272e-10
0            582    1.83882e-10
0            583    2.37798e-10
0            584    3.42321e-10
0            585    2.18778e-10
0            586    1.98031e-10
0            587    3.08049e-12
0            588    2.61207e-14
0            589    1.81044e-19
0            590     5.1002e-28
0            591    4.24297e-28
0            592    1.02422e-27
0            593    5.46836e-27
0            594    1.11465e-27
0            595      3.174e-26
0            596    1.77435e-28
0            597    1.27549e-32
0            598    3.58772e-38
