0              0     2.0907e-48
0              1    9.40295e-48
0              2     4.5575e-47
0              3    2.35131e-46
0              4    1.31458e-45
0              5    7.76445e-45
0              6    4.95685e-44
0              7    3.41692e-43
0              8    2.46585e-42
0              9    1.90179e-41
0             10    1.55213e-40
0             11    1.31662e-39
0             12    1.17629e-38
0             13    1.09701e-37
0             14     1.0497e-36
0             15    1.05189e-35
0             16    1.07814e-34
0             17    1.12237e-33
0             18    1.19319e-32
0             19    1.28738e-31
0             20    1.41776e-30
0             21    1.56244e-29
0             22    1.74326e-28
0             23    1.99423e-27
0             24    2.25721e-26
0             25    2.61689e-25
0             26    3.09244e-24
0             27    3.67354e-23
0             28    4.47158e-22
0             29    5.51021e-21
0             30    6.98675e-20
0             31    8.98304e-19
0             32    1.15098e-17
0             33     1.4962e-16
0             34     1.9678e-15
0             35    2.57068e-14
0             36    3.31495e-13
0             37    4.17424e-12
0             38    5.00108e-11
0             39    5.71833e-10
0             40    6.17635e-09
0             41    6.07044e-08
0             42    5.45648e-07
0             43    4.46487e-06
0             44    3.30426e-05
0             45    0.000215795
0             46     0.00125928
0             47     0.00664108
0             48      0.0311451
0             49       0.130583
0             50       0.487709
0             51        1.63157
0             52        4.81188
0             53        12.4267
0             54        28.2181
0             55        55.9829
0             56        96.8787
0             57        146.452
0             58         193.08
0             59        222.099
0             60         223.12
0             61        195.613
0             62        150.032
0             63        100.643
0             64        59.1984
0             65        30.4452
0             66        13.7633
0             67        5.48266
0             68        1.90685
0             69       0.589485
0             70       0.160845
0             71      0.0386875
0             72     0.00830176
0             73     0.00157969
0             74    0.000268475
0             75    4.04829e-05
0             76    5.47378e-06
0             77    6.78698e-07
0             78    7.64098e-08
0             79     7.9307e-09
0             80     7.7506e-10
0             81    7.18554e-11
0             82    6.51851e-12
0             83    6.06751e-13
0             84    5.93212e-14
0             85    6.31426e-15
0             86    7.34792e-16
0             87     8.8456e-17
0             88    1.06392e-17
0             89    1.24015e-18
0             90     1.4151e-19
0             91     3.2191e-72
0             92    4.02869e-71
0             93    5.44896e-70
0             94    7.96423e-69
0             95    1.24654e-67
0             96    2.10091e-66
0             97    3.81969e-65
0             98    7.31774e-64
0             99    1.49616e-62
0            100    3.26586e-61
0            101    7.56987e-60
0            102    1.84152e-58
0            103    4.73163e-57
0            104    1.26048e-55
0            105     3.5255e-54
0            106    1.01123e-52
0            107    3.00618e-51
0            108    9.14714e-50
0            109    2.83273e-48
0            110    8.91573e-47
0            111    2.83541e-45
0            112    8.99975e-44
0            113    2.85704e-42
0            114    8.86149e-41
0            115    2.75671e-39
0            116    8.30424e-38
0            117    2.44676e-36
0            118    7.04353e-35
0            119    1.97878e-33
0            120    5.54056e-32
0            121    1.60088e-30
0            122    5.10437e-29
0            123    1.91391e-27
0            124    8.34967e-26
0            125    3.90035e-24
0            126    1.84827e-22
0            127    8.53228e-21
0            128    3.80013e-19
0            129    1.61239e-17
0            130    6.46465e-16
0            131    2.40165e-14
0            132    7.89744e-13
0            133    2.29573e-11
0            134    5.63611e-10
0            135     1.1836e-08
0            136     2.0824e-07
0            137    3.06808e-06
0            138    3.77056e-05
0            139    0.000379023
0            140     0.00312413
0            141      0.0207339
0            142       0.112284
0            143       0.495333
0            144        1.80238
0            145        5.44977
0            146        13.6965
0            147        28.6008
0            148        49.5995
0            149        71.4968
0            150        85.7625
0            151        85.7345
0            152        71.5236
0            153         49.802
0            154         28.968
0            155        14.0659
0            156        5.70444
0            157        1.93317
0            158       0.545617
0            159       0.129906
0            160      0.0258868
0            161     0.00439303
0            162    0.000634483
0            163    7.78879e-05
0            164    8.05016e-06
0            165    6.87352e-07
0            166    4.78408e-08
0            167    2.69884e-09
0            168     1.2232e-10
0            169    4.56167e-12
0            170    1.44163e-13
0            171    4.08371e-15
0            172    1.09982e-16
0            173    2.93037e-18
0            174    7.69359e-20
0            175    1.91581e-21
0            176    4.35477e-23
0            177    9.09874e-25
0            178    1.70822e-26
0            179    2.94744e-28
0            180    4.63674e-30
0            181    6.81904e-32
0            182   7.73422e-116
0            183   3.63168e-114
0            184   1.95775e-112
0            185    1.2042e-110
0            186   8.35248e-109
0            187   6.61689e-107
0            188   5.91575e-105
0            189   5.98206e-103
0            190   6.85173e-101
0            191    8.69791e-99
0            192    1.23009e-96
0            193    1.93042e-94
0            194     3.3479e-92
0            195    6.30439e-90
0            196    1.29332e-87
0            197    2.84982e-85
0            198    6.75571e-83
0            199    1.69458e-80
0            200    4.50405e-78
0            201    1.23968e-75
0            202     3.5408e-73
0            203    1.04275e-70
0            204    3.13875e-68
0            205    9.80554e-66
0            206    3.21257e-63
0            207     1.1911e-60
0            208    5.34631e-58
0            209    2.89081e-55
0            210    1.76832e-52
0            211    1.10888e-49
0            212    6.62913e-47
0            213    3.69348e-44
0            214    1.85001e-41
0            215    8.13633e-39
0            216    3.13571e-36
0            217    1.03107e-33
0            218    2.87254e-31
0            219    6.92593e-29
0            220    1.60059e-26
0            221    3.99523e-24
0            222    1.09081e-21
0            223    2.79217e-19
0            224    5.74988e-17
0            225    9.11859e-15
0            226    1.05342e-12
0            227    8.61358e-11
0            228    4.81738e-09
0            229    1.80155e-07
0            230    4.47245e-06
0            231    7.32576e-05
0            232    0.000816591
0            233     0.00644176
0            234       0.038979
0            235       0.194956
0            236       0.812488
0            237        2.72902
0            238        7.15556
0            239        14.5378
0            240         22.997
0            241        28.6776
0            242         28.442
0            243        22.4729
0            244        14.0633
0            245        6.92564
0            246         2.6815
0            247        0.81582
0            248       0.196238
0            249      0.0379811
0            250     0.00597371
0            251    0.000745513
0            252    6.92602e-05
0            253     4.6447e-06
0            254    2.28233e-07
0            255    8.41219e-09
0            256    2.37279e-10
0            257    5.07305e-12
0            258    8.01204e-14
0            259    9.22762e-16
0            260    7.78741e-18
0            261    4.83091e-20
0            262     2.2804e-22
0            263    8.43232e-25
0            264    2.50661e-27
0            265    6.00608e-30
0            266    1.19897e-32
0            267    2.02446e-35
0            268    3.07061e-38
0            269    5.09621e-41
0            270    1.12288e-43
0            271    3.19199e-46
0            272    9.55395e-49
0            273   2.16458e-189
0            274   8.57347e-187
0            275   4.05989e-184
0            276   2.30003e-181
0            277   1.54813e-178
0            278   1.24698e-175
0            279   1.19053e-172
0            280   1.36906e-169
0            281   1.88319e-166
0            282    3.0843e-163
0            283    5.9246e-160
0            284   1.33311e-156
0            285   3.41555e-153
0            286   9.94127e-150
0            287   3.23022e-146
0            288   1.17217e-142
0            289    4.8938e-139
0            290    2.5769e-135
0            291   1.99579e-131
0            292   2.35515e-127
0            293   3.62422e-123
0            294    6.6295e-119
0            295   1.58131e-114
0            296   6.86122e-110
0            297   5.32385e-105
0            298   5.06935e-100
0            299    4.92493e-95
0            300    4.44162e-90
0            301    3.59893e-85
0            302    2.58147e-80
0            303    1.58853e-75
0            304    8.13174e-71
0            305    3.38899e-66
0            306    1.12518e-61
0            307    2.86761e-57
0            308    5.50075e-53
0            309    7.77746e-49
0            310    7.96827e-45
0            311    5.78747e-41
0            312    3.24628e-37
0            313    1.82734e-33
0            314    1.25653e-29
0            315    7.24949e-26
0            316    2.51272e-22
0            317    4.64269e-19
0            318    4.39686e-16
0            319    2.09503e-13
0            320    5.02205e-11
0            321    6.13391e-09
0            322    3.89488e-07
0            323    1.33275e-05
0            324    0.000252282
0            325     0.00279911
0            326      0.0212494
0            327       0.124327
0            328       0.535608
0            329        1.65509
0            330        3.82415
0            331        6.73572
0            332        8.97163
0            333        9.02315
0            334        6.81761
0            335        3.85561
0            336        1.66039
0            337        0.55227
0            338       0.141937
0            339      0.0264529
0            340     0.00374606
0            341    0.000689676
0            342    9.34249e-05
0            343    4.16509e-06
0            344    5.25935e-08
0            345    1.92286e-10
0            346    2.20171e-13
0            347    9.35557e-17
0            348    2.44967e-20
0            349    7.01122e-24
0            350    1.71262e-27
0            351    2.97646e-31
0            352    3.96926e-35
0            353    4.35581e-39
0            354    4.27386e-43
0            355    4.33476e-47
0            356    4.92662e-51
0            357    5.47343e-55
0            358    5.40132e-59
0            359     4.5456e-63
0            360    3.36823e-67
0            361    2.38927e-71
0            362    1.91068e-75
0            363    1.96228e-79
0            364              0
0            365              0
0            366              0
0            367              0
0            368              0
0            369              0
0            370   3.52405e-308
0            371    2.8078e-305
0            372   1.31581e-302
0            373   7.04492e-300
0            374   4.27643e-297
0            375   2.93478e-294
0            376   2.21778e-291
0            377   1.85028e-288
0            378   1.69848e-285
0            379   1.70629e-282
0            380   1.85365e-279
0            381   2.19903e-276
0            382   2.78795e-273
0            383    3.8732e-270
0            384   5.76393e-267
0            385   9.17471e-264
0            386   1.56363e-260
0            387    2.8626e-257
0            388   5.55144e-254
0            389   1.14755e-250
0            390   2.52269e-247
0            391   5.84932e-244
0            392    1.4374e-240
0            393   3.69609e-237
0            394   1.00128e-233
0            395   2.83587e-230
0            396   8.33375e-227
0            397   2.54625e-223
0            398   8.10465e-220
0            399   2.66801e-216
0            400   9.06467e-213
0            401   3.15205e-209
0            402   1.13382e-205
0            403   4.19328e-202
0            404   1.59955e-198
0            405   6.35613e-195
0            406   2.63347e-191
0            407   1.16615e-187
0            408   5.49967e-184
0            409   2.78746e-180
0            410   1.52899e-176
0            411   8.93959e-173
0            412   5.49996e-169
0            413   3.47625e-165
0            414   2.34743e-161
0            415   1.88063e-157
0            416   2.31957e-153
0            417   4.55681e-149
0            418   1.08003e-144
0            419   2.59814e-140
0            420   5.92677e-136
0            421   1.25047e-131
0            422   2.42355e-127
0            423   4.33199e-123
0            424   7.01098e-119
0            425   1.02364e-114
0            426   1.34342e-110
0            427   1.58057e-106
0            428   1.63716e-102
0            429    1.50978e-98
0            430    1.21008e-94
0            431     8.5167e-91
0            432    5.14784e-87
0            433    2.71368e-83
0            434    1.21327e-79
0            435    4.67259e-76
0            436    1.51773e-72
0            437    4.14273e-69
0            438    9.54062e-66
0            439     1.8264e-62
0            440    2.91547e-59
0            441    3.84756e-56
0            442    4.16543e-53
0            443    3.69043e-50
0            444    2.66983e-47
0            445    1.56491e-44
0            446    7.41867e-42
0            447    2.82853e-39
0            448    8.69818e-37
0            449     2.1453e-34
0            450    4.26558e-32
0            451    7.06278e-30
0            452    1.01816e-27
0            453    1.37773e-25
0            454    1.82298e-23
0            455    2.26963e-21
0            456    2.44763e-19
0            457     2.1311e-17
0            458    1.43911e-15
0            459    7.31884e-14
0            460     2.7781e-12
0            461    7.77401e-11
0            462    1.59193e-09
0            463    2.39543e-08
0            464    2.66348e-07
0            465    2.21361e-06
0            466    1.39557e-05
0            467    6.87169e-05
0            468    0.000276316
0            469    0.000955354
0            470      0.0029598
0            471      0.0083947
0            472       0.021769
0            473      0.0514446
0            474       0.110794
0            475       0.217947
0            476       0.393571
0            477       0.654982
0            478        1.00923
0            479        1.44168
0            480        1.90932
0            481        2.34032
0            482        2.65472
0            483        2.78407
0            484        2.69329
0            485        2.39812
0            486        1.96341
0            487        1.47876
0            488         1.0257
0            489       0.656123
0            490        0.38763
0            491       0.211613
0            492       0.107017
0            493      0.0511802
0            494       0.023449
0            495     0.00981018
0            496     0.00346287
0            497    0.000970087
0            498    0.000207785
0            499    3.28983e-05
0            500    3.74896e-06
0            501    3.03563e-07
0            502     1.7548e-08
0            503    7.47522e-10
0            504    2.44633e-11
0            505    6.51297e-13
0            506    1.44407e-14
0            507    2.62511e-16
0            508    3.78502e-18
0            509    4.18208e-20
0            510    3.49936e-22
0            511    2.21001e-24
0            512    1.05585e-26
0            513     3.8207e-29
0            514    1.06491e-31
0            515    2.38631e-34
0            516    4.82333e-37
0            517    1.07053e-39
0            518    2.85038e-42
0            519    7.71434e-45
0            520    1.84862e-47
0            521    3.67736e-50
0            522    6.03432e-53
0            523    8.09298e-56
0            524    9.02278e-59
0            525    8.34394e-62
0            526     6.6416e-65
0            527    4.89962e-68
0            528    3.79952e-71
0            529    3.55871e-74
0            530    3.80979e-77
0            531    4.07618e-80
0            532    4.01726e-83
0            533    3.53555e-86
0            534     2.7515e-89
0            535    1.90751e-92
0            536     1.1777e-95
0            537    6.50975e-99
0            538   3.22253e-102
0            539   1.44431e-105
0            540   5.91751e-109
0            541   2.19289e-112
0            542   7.44709e-116
0            543   2.32263e-119
0            544   6.71908e-123
0            545     1.6041e-35
0            546    1.34549e-34
0            547    3.74606e-34
0            548    6.70829e-34
0            549    5.03211e-34
0            550    9.68866e-34
0            551    3.31159e-33
0            552    8.60881e-34
0            553    9.85833e-35
0            554    1.92712e-23
0            555    2.10119e-23
0            556    2.67576e-23
0            557    3.88825e-23
0            558    2.13904e-22
0            559      2.551e-22
0            560    6.62767e-22
0            561    8.80357e-23
0            562    2.31116e-23
0            563    2.65853e-12
0            564    3.39952e-12
0            565    4.32575e-12
0            566    5.71584e-12
0            567    6.37816e-12
0            568     9.0211e-12
0            569    1.57303e-11
0            570    1.47567e-12
0            571     1.2378e-12
0            572      0.0010468
0            573     0.00107905
0            574     0.00111997
0            575     0.00107498
0            576    0.000863184
0            577    0.000470271
0            578    0.000256108
0            579    1.98596e-05
0            580    1.72594e-05
0            581        21.6483
0            582        21.1783
0            583        20.2728
0            584        16.7676
0            585        9.68083
0            586        3.34615
0            587       0.860469
0            588       0.163076
0            589      0.0172853
0            590        41.9024
0            591        40.8336
0            592        38.8618
0            593        32.0288
0            594        18.3835
0            595           5.85
0            596        1.46133
0            597       0.283569
0            598      0.0209297
