0              0    6.17234e-25
0              1    1.33134e-22
0              2    2.68201e-20
0              3    4.65693e-18
0              4    6.88936e-16
0              5     8.3225e-14
0              6    8.34131e-12
0              7    6.56916e-10
0              8    3.94737e-08
0              9    1.85035e-06
0             10    6.55719e-05
0             11     0.00172077
0             12      0.0332543
0             13       0.458926
0             14        4.42547
0             15        29.8411
0             16        136.282
0             17        415.134
0             18        842.117
0             19        1127.88
0             20        994.562
0             21        577.733
0             22        222.658
0             23        56.6078
0             24        9.79425
0             25        1.15468
0             26      0.0937161
0             27     0.00542915
0             28     0.00022555
0             29    6.91111e-06
0             30    1.55719e-07
0             31    2.64934e-09
0             32    3.56634e-11
0             33    3.71136e-13
0             34    3.06335e-15
0             35     2.0782e-17
0             36    1.15698e-19
0             37    5.45716e-22
0             38    2.27489e-24
0             39    8.10353e-27
0             40     2.5595e-29
0             41    7.49844e-32
0             42    1.94048e-34
0             43    4.57165e-37
0             44    9.61981e-40
0             45    1.94079e-42
0             46    3.64351e-45
0             47    6.16333e-48
0             48    1.01993e-50
0             49    1.69958e-53
0             50    2.79325e-56
0             51    4.48302e-59
0             52     7.8285e-62
0             53    1.45614e-64
0             54    2.81944e-67
0             55    5.90345e-70
0             56    1.31204e-72
0             57    3.10802e-75
0             58    8.12099e-78
0             59    2.30388e-80
0             60    6.83561e-83
0             61    2.18613e-85
0             62    7.86404e-88
0             63    3.04148e-90
0             64    1.32093e-92
0             65    6.15065e-95
0             66    3.18637e-97
0             67    1.93479e-99
0             68   1.25294e-101
0             69   9.37388e-104
0             70    8.1804e-106
0             71   7.88466e-108
0             72   8.74857e-110
0             73   1.11928e-111
0             74   1.64196e-113
0             75    2.7594e-115
0             76   5.28238e-117
0             77   1.20488e-118
0             78   3.11087e-120
0             79   9.49934e-122
0             80   3.41931e-123
0             81   1.37597e-124
0             82   6.47045e-126
0             83   3.55318e-127
0             84   2.15065e-128
0             85   1.57257e-129
0             86   1.33231e-130
0             87   1.23291e-131
0             88   1.36734e-132
0             89     1.721e-133
0             90   2.49661e-134
0             91    2.23249e-45
0             92    3.49765e-41
0             93     3.9436e-37
0             94    3.12259e-33
0             95    1.83109e-29
0             96    7.58038e-26
0             97    2.24581e-22
0             98    4.33506e-19
0             99    5.31038e-16
0            100    4.02694e-13
0            101    1.83207e-10
0            102    4.92146e-08
0            103    7.70723e-06
0            104    0.000694167
0            105      0.0349066
0            106       0.941681
0            107        13.2543
0            108        93.8111
0            109        324.595
0            110        541.026
0            111        431.354
0            112        165.286
0            113        30.6793
0            114        2.86293
0            115       0.135629
0            116     0.00345384
0            117    4.86988e-05
0            118    3.93487e-07
0            119    1.86464e-09
0            120     5.1895e-12
0            121    8.57112e-15
0            122    8.52473e-18
0            123    5.07742e-21
0            124    1.88375e-24
0            125    4.46691e-28
0            126    6.96861e-32
0            127     7.3469e-36
0            128    5.47843e-40
0            129    3.09611e-44
0            130      1.408e-48
0            131    5.35623e-53
0            132    1.86629e-57
0            133     5.6212e-62
0            134     1.5085e-66
0            135    3.43728e-71
0            136    6.91307e-76
0            137    1.22832e-80
0            138    1.93442e-85
0            139    2.93929e-90
0            140    3.95106e-95
0            141   5.38662e-100
0            142   6.91039e-105
0            143   8.89595e-110
0            144   1.17185e-114
0            145   1.58517e-119
0            146   2.29057e-124
0            147   3.49841e-129
0            148    5.9479e-134
0            149   1.05852e-138
0            150   2.18655e-143
0            151    5.1397e-148
0            152   1.39235e-152
0            153   4.30721e-157
0            154   1.58921e-161
0            155   7.00265e-166
0            156   3.84959e-170
0            157   2.61908e-174
0            158    2.1098e-178
0            159   2.27911e-182
0            160   3.05969e-186
0            161   5.21445e-190
0            162   1.13245e-193
0            163   3.26509e-197
0            164   1.23789e-200
0            165    6.1417e-204
0            166   3.95293e-207
0            167   3.43991e-210
0            168   3.84255e-213
0            169    6.0051e-216
0            170   1.18658e-218
0            171   3.23443e-221
0            172   1.15164e-223
0            173   5.56117e-226
0            174   3.61194e-228
0            175   3.12151e-230
0            176   3.38357e-232
0            177   4.80558e-234
0            178   9.16466e-236
0            179   2.14994e-237
0            180   6.64399e-239
0            181   2.59028e-240
0            182    8.84792e-83
0            183    4.56915e-75
0            184    1.34197e-67
0            185    2.09704e-60
0            186    1.61878e-53
0            187    6.45137e-47
0            188    1.19823e-40
0            189    9.62326e-35
0            190    3.10256e-29
0            191      3.632e-24
0            192     1.5501e-19
0            193    2.39441e-15
0            194     1.3421e-11
0            195    2.69583e-08
0            196      1.965e-05
0            197     0.00500885
0            198       0.423444
0            199        11.3131
0            200        91.3778
0            201        215.576
0            202         146.32
0            203        28.6422
0            204        1.66433
0            205      0.0299354
0            206    0.000180581
0            207    3.85207e-07
0            208    3.03295e-10
0            209    9.13654e-14
0            210    1.06035e-17
0            211    4.86609e-22
0            212    8.75951e-27
0            213    6.04321e-32
0            214    1.58869e-37
0            215    1.63233e-43
0            216    6.54458e-50
0            217    1.10497e-56
0            218    8.35443e-64
0            219    3.03188e-71
0            220     5.4032e-79
0            221    5.31802e-87
0            222    3.00191e-95
0            223   1.06501e-103
0            224   3.37455e-112
0            225   1.20166e-120
0            226   4.27115e-129
0            227   1.17144e-137
0            228   2.32187e-146
0            229   3.44291e-155
0            230   3.82049e-164
0            231   3.54335e-173
0            232   2.62945e-182
0            233   1.75484e-191
0            234   1.07764e-200
0            235   6.23844e-210
0            236    3.8608e-219
0            237   2.59471e-228
0            238   2.12033e-237
0            239    2.3912e-246
0            240    4.1298e-255
0            241   1.00981e-263
0            242    3.3423e-272
0            243   1.54575e-280
0            244   9.21171e-289
0            245   7.59904e-297
0            246   8.82988e-305
0            247              0
0            248              0
0            249              0
0            250              0
0            251              0
0            252              0
0            253              0
0            254              0
0            255              0
0            256              0
0            257              0
0            258              0
0            259              0
0            260              0
0            261              0
0            262              0
0            263              0
0            264              0
0            265              0
0            266              0
0            267              0
0            268              0
0            269              0
0            270              0
0            271              0
0            272              0
0            273   1.57646e-153
0            274   4.35239e-139
0            275   7.91625e-125
0            276    4.1191e-111
0            277    4.46492e-98
0            278    8.95287e-86
0            279    3.01577e-74
0            280    1.72014e-63
0            281    1.71603e-53
0            282    3.48392e-44
0            283    1.25679e-35
0            284    6.38566e-28
0            285    3.99933e-21
0            286     3.1234e-15
0            287    2.91894e-10
0            288    3.03607e-06
0            289     0.00386355
0            290       0.708298
0            291        19.4096
0            292        76.1112
0            293        41.4616
0            294        3.17886
0            295      0.0358694
0            296    6.66989e-05
0            297    2.03098e-08
0            298    7.34651e-13
0            299    2.76877e-18
0            300    1.05101e-24
0            301    3.79804e-32
0            302    1.37674e-40
0            303    6.28269e-50
0            304    5.61423e-60
0            305    1.80283e-70
0            306    2.05193e-81
0            307    5.45077e-93
0            308   2.90068e-105
0            309   3.33292e-118
0            310   9.14093e-132
0            311   7.24127e-146
0            312   1.77064e-160
0            313   1.45289e-175
0            314   3.87535e-191
0            315    3.6269e-207
0            316   1.27064e-223
0            317   1.85475e-240
0            318   1.21463e-257
0            319   3.90528e-275
0            320    6.9845e-293
0            321              0
0            322              0
0            323              0
0            324              0
0            325              0
0            326              0
0            327              0
0            328              0
0            329              0
0            330              0
0            331              0
0            332              0
0            333              0
0            334              0
0            335              0
0            336              0
0            337              0
0            338              0
0            339              0
0            340              0
0            341              0
0            342              0
0            343              0
0            344              0
0            345              0
0            346              0
0            347              0
0            348              0
0            349              0
0            350              0
0            351              0
0            352              0
0            353              0
0            354              0
0            355              0
0            356              0
0            357              0
0            358              0
0            359              0
0            360              0
0            361              0
0            362              0
0            363              0
0            364   6.07216e-292
0            365   3.71477e-277
0            366    1.1456e-262
0            367   1.69984e-248
0            368   1.19831e-234
0            369   3.79556e-221
0            370   5.62115e-208
0            371   3.72909e-195
0            372   1.06049e-182
0            373   1.28468e-170
0            374   6.48359e-159
0            375   1.35813e-147
0            376   1.13266e-136
0            377   3.75461e-126
0            378   4.91191e-116
0            379   2.49587e-106
0            380    4.90822e-97
0            381    3.99128e-88
0            382    1.38622e-79
0            383    2.18992e-71
0            384    1.45815e-63
0            385    3.61295e-56
0            386    3.19387e-49
0            387    9.42035e-43
0            388    9.24572e-37
0            389    2.95345e-31
0            390    3.11676e-26
0            391    1.07587e-21
0            392    1.25307e-17
0            393    4.95031e-14
0            394    6.85147e-11
0            395    3.50355e-08
0            396    7.18837e-06
0            397    0.000624165
0            398      0.0234639
0            399        0.40191
0            400        3.30511
0            401        13.1099
0            402        25.0506
0            403        23.1727
0            404        10.4051
0            405        2.26718
0            406        0.24225
0            407      0.0126195
0            408    0.000308426
0            409    3.27507e-06
0            410    1.35732e-08
0            411    1.93015e-11
0            412    8.50582e-15
0            413    1.12887e-18
0            414     4.4951e-23
0            415     5.7756e-28
0            416     2.5869e-33
0            417    4.26106e-39
0            418    2.56793e-45
0            419    5.33899e-52
0            420    3.78065e-59
0            421    9.12801e-67
0            422    7.60172e-75
0            423    2.17456e-83
0            424     2.1769e-92
0            425   7.77296e-102
0            426   1.01159e-111
0            427   4.81171e-122
0            428   8.92133e-133
0            429   6.70848e-144
0            430   2.56677e-155
0            431   6.46064e-167
0            432   1.09619e-178
0            433   9.84993e-191
0            434   4.36923e-203
0            435   9.07121e-216
0            436    9.4101e-229
0            437   5.25418e-242
0            438   1.54168e-255
0            439   2.57373e-269
0            440   2.36182e-283
0            441   1.22645e-297
0            442              0
0            443              0
0            444              0
0            445              0
0            446              0
0            447              0
0            448              0
0            449              0
0            450              0
0            451              0
0            452              0
0            453              0
0            454              0
0            455              0
0            456              0
0            457              0
0            458              0
0            459              0
0            460              0
0            461              0
0            462              0
0            463              0
0            464              0
0            465              0
0            466              0
0            467              0
0            468              0
0            469              0
0            470              0
0            471              0
0            472              0
0            473              0
0            474              0
0            475              0
0            476              0
0            477              0
0            478              0
0            479              0
0            480              0
0            481              0
0            482              0
0            483              0
0            484              0
0            485              0
0            486              0
0            487              0
0            488              0
0            489              0
0            490              0
0            491              0
0            492              0
0            493              0
0            494              0
0            495              0
0            496              0
0            497              0
0            498              0
0            499              0
0            500              0
0            501              0
0            502              0
0            503              0
0            504              0
0            505              0
0            506              0
0            507              0
0            508              0
0            509              0
0            510              0
0            511              0
0            512              0
0            513              0
0            514              0
0            515              0
0            516              0
0            517              0
0            518              0
0            519              0
0            520              0
0            521              0
0            522              0
0            523              0
0            524              0
0            525              0
0            526              0
0            527              0
0            528              0
0            529              0
0            530              0
0            531              0
0            532              0
0            533              0
0            534              0
0            535              0
0            536              0
0            537              0
0            538              0
0            539              0
0            540              0
0            541              0
0            542              0
0            543              0
0            544              0
0            545    2.33696e-08
0            546    2.62162e-08
0            547    2.87605e-08
0            548    3.09067e-08
0            549    2.37029e-08
0            550    4.18429e-09
0            551    1.17662e-10
0            552    8.14119e-13
0            553     1.3025e-23
0            554    3.07695e-30
0            555     3.8169e-30
0            556    5.91873e-30
0            557     1.0617e-29
0            558    2.15882e-29
0            559    3.96105e-30
0            560    1.39288e-32
0            561    1.64819e-36
0            562    7.11164e-44
0            563    2.84591e-60
0            564    4.45492e-60
0            565    1.05808e-59
0            566    4.66498e-59
0            567    5.55355e-59
0            568    1.43566e-59
0            569    1.60454e-61
0            570    2.18823e-66
0            571    3.19884e-72
0            572    1.06663e-93
0            573    3.96108e-93
0            574    1.08101e-92
0            575    2.09764e-92
0            576    1.21592e-92
0            577    2.45163e-93
0            578    7.35463e-96
0            579    1.69032e-99
0            580    6.1196e-106
0            581   1.05489e-127
0            582   4.76018e-127
0            583   8.70639e-127
0            584   1.16391e-126
0            585   6.46886e-127
0            586   2.85404e-128
0            587   3.95907e-131
0            588   7.02507e-135
0            589   3.86662e-142
0            590   3.06644e-160
0            591   1.48224e-159
0            592   2.52715e-159
0            593   4.15599e-159
0            594   2.06485e-159
0            595   3.08596e-161
0            596   4.78072e-165
0            597   3.61907e-169
0            598   2.10629e-177
