0              0    8.09241e-62
0              1    3.05137e-60
0              2    1.25224e-58
0              3    5.37929e-57
0              4    2.48007e-55
0              5     1.1784e-53
0              6    6.03888e-52
0              7    3.31008e-50
0              8    1.87157e-48
0              9    1.14598e-46
0             10    7.51714e-45
0             11    5.17728e-43
0             12    3.82763e-41
0             13     2.9734e-39
0             14    2.35092e-37
0             15    1.95013e-35
0             16    1.61366e-33
0             17    1.30033e-31
0             18    1.02542e-29
0             19    7.74082e-28
0             20    5.62712e-26
0             21    3.78534e-24
0             22     2.3871e-22
0             23    1.44771e-20
0             24    7.94155e-19
0             25    4.12828e-17
0             26    1.99106e-15
0             27    8.49606e-14
0             28    3.20693e-12
0             29    1.02852e-10
0             30    2.81504e-09
0             31    6.39407e-08
0             32    1.17752e-06
0             33    1.79905e-05
0             34    0.000227177
0             35     0.00233986
0             36      0.0197213
0             37       0.135698
0             38        0.75697
0             39        3.47966
0             40        13.2026
0             41        40.9886
0             42        105.182
0             43         222.75
0             44        388.289
0             45        553.329
0             46        646.436
0             47        617.734
0             48        482.198
0             49        307.866
0             50        161.084
0             51        68.8988
0             52        24.3786
0             53        7.18071
0             54        1.74421
0             55       0.349379
0             56      0.0572711
0             57     0.00758892
0             58    0.000817917
0             59    7.21723e-05
0             60    5.14403e-06
0             61    3.03765e-07
0             62    1.52374e-08
0             63    6.46613e-10
0             64    2.40533e-11
0             65    7.95876e-13
0             66    2.52314e-14
0             67    8.08446e-16
0             68     2.5707e-17
0             69    8.37786e-19
0             70    2.61746e-20
0             71    7.54486e-22
0             72     2.0249e-23
0             73    4.94635e-25
0             74    1.11215e-26
0             75    2.26809e-28
0             76    4.26518e-30
0             77    7.68492e-32
0             78    1.28607e-33
0             79    2.04477e-35
0             80    3.15592e-37
0             81    4.65059e-39
0             82     6.7044e-41
0             83    9.67754e-43
0             84     1.3468e-44
0             85    1.89279e-46
0             86    2.74783e-48
0             87    3.95783e-50
0             88    5.93288e-52
0             89    9.06314e-54
0             90    1.48038e-55
0             91   1.04887e-101
0             92    7.80666e-99
0             93    6.36906e-96
0             94    5.57714e-93
0             95     5.2157e-90
0             96    5.11079e-87
0             97    5.31031e-84
0             98    5.53345e-81
0             99    5.86486e-78
0            100    6.29163e-75
0            101    6.69094e-72
0            102    6.89855e-69
0            103     6.8741e-66
0            104    6.46218e-63
0            105    5.72827e-60
0            106    4.62508e-57
0            107    3.46531e-54
0            108    2.42496e-51
0            109    1.69032e-48
0            110    1.38387e-45
0            111    1.47765e-42
0            112    1.78954e-39
0            113    2.07034e-36
0            114    1.98829e-33
0            115     1.6125e-30
0            116    1.01597e-27
0            117    5.01032e-25
0            118    1.90381e-22
0            119    5.45249e-20
0            120    1.17197e-17
0            121    1.85853e-15
0            122    2.16659e-13
0            123    1.88265e-11
0            124    1.23314e-09
0            125    6.16375e-08
0            126    2.37329e-06
0            127    6.78252e-05
0            128       0.001371
0            129      0.0189303
0            130        0.17973
0            131        1.21248
0            132        5.97963
0            133        22.2968
0            134        62.6556
0            135        133.676
0            136        215.807
0            137         264.29
0            138        245.672
0            139        173.555
0            140        92.7788
0            141        37.5362
0            142        11.3515
0            143        2.56253
0            144       0.427346
0            145      0.0517099
0            146     0.00446399
0            147    0.000270496
0            148    1.15045e-05
0            149    3.43281e-07
0            150    7.30868e-09
0            151     1.1173e-10
0            152    1.21369e-12
0            153    9.35779e-15
0            154    5.18058e-17
0            155    2.06353e-19
0            156    6.02349e-22
0            157    1.30673e-24
0            158    2.09008e-27
0            159     2.6608e-30
0            160    2.62613e-33
0            161    2.20228e-36
0            162    1.64293e-39
0            163    1.15976e-42
0            164    7.88322e-46
0            165    5.03898e-49
0            166    3.00486e-52
0            167    1.70999e-55
0            168    9.45763e-59
0            169    5.62506e-62
0            170    3.77493e-65
0            171    2.90994e-68
0            172    2.44466e-71
0            173    2.16606e-74
0            174    1.99836e-77
0            175    1.89659e-80
0            176     1.8124e-83
0            177    1.83618e-86
0            178    1.94393e-89
0            179    2.19701e-92
0            180    2.66381e-95
0            181    3.55428e-98
0            182    6.6905e-176
0            183   4.71945e-171
0            184   3.80934e-166
0            185   3.45546e-161
0            186   3.35452e-156
0            187   3.57661e-151
0            188   3.99852e-146
0            189   4.70725e-141
0            190   5.98702e-136
0            191    8.4668e-131
0            192   1.56857e-125
0            193   4.00356e-120
0            194   1.22513e-114
0            195   3.82828e-109
0            196   1.26126e-103
0            197    4.87247e-98
0            198    2.32343e-92
0            199    1.15236e-86
0            200    5.05814e-81
0            201    1.73337e-75
0            202     4.5171e-70
0            203    8.59992e-65
0            204    1.14633e-59
0            205    1.06033e-54
0            206    6.39782e-50
0            207    2.51892e-45
0            208    6.24699e-41
0            209    9.41837e-37
0            210    8.72713e-33
0            211    4.92673e-29
0            212    1.74576e-25
0            213    4.15534e-22
0            214    6.77278e-19
0            215    7.34517e-16
0            216    5.40254e-13
0            217    2.61357e-10
0            218    7.07627e-08
0            219    8.77388e-06
0            220    0.000457984
0            221      0.0104603
0            222       0.123857
0            223       0.890748
0            224        4.32653
0            225        15.2958
0            226        39.2014
0            227        70.9771
0            228        90.1687
0            229        81.5356
0            230        52.5718
0            231        23.9757
0            232        7.67627
0            233        1.76486
0            234       0.306726
0            235      0.0431278
0            236     0.00539627
0            237     0.00054168
0            238    3.28686e-05
0            239    9.88512e-07
0            240    1.39553e-08
0            241    9.12728e-11
0            242    2.79069e-13
0            243    4.03262e-16
0            244    2.74659e-19
0            245    8.97552e-23
0            246    1.44997e-26
0            247    1.15849e-30
0            248    4.75985e-35
0            249    1.04408e-39
0            250     1.2251e-44
0            251    8.19718e-50
0            252    3.16461e-55
0            253    7.37329e-61
0            254    1.07844e-66
0            255    1.00192e-72
0            256    6.39721e-79
0            257    3.00149e-85
0            258    1.35053e-91
0            259    1.36132e-97
0            260   6.19872e-103
0            261    4.3614e-108
0            262   2.93572e-113
0            263   1.79357e-118
0            264   1.00917e-123
0            265   5.19444e-129
0            266   2.61075e-134
0            267   1.29301e-139
0            268   6.35886e-145
0            269   3.27894e-150
0            270   1.72899e-155
0            271   9.84549e-161
0            272   6.17637e-166
0            273              0
0            274              0
0            275   3.03705e-302
0            276   4.04505e-293
0            277   6.44981e-284
0            278    1.2039e-274
0            279   2.47059e-265
0            280    5.6601e-256
0            281   1.79405e-246
0            282   3.41454e-236
0            283      1.98e-225
0            284   1.24041e-214
0            285   7.03927e-204
0            286   3.54238e-193
0            287   1.46261e-182
0            288   4.69115e-172
0            289   1.10643e-161
0            290   1.79983e-151
0            291   1.92712e-141
0            292   1.29816e-131
0            293   5.05996e-122
0            294   1.08999e-112
0            295   1.23586e-103
0            296    7.10766e-95
0            297    1.89749e-86
0            298    2.26611e-78
0            299     1.1825e-70
0            300    2.59326e-63
0            301    2.55259e-56
0            302    1.46602e-49
0            303    5.20341e-43
0            304    8.16622e-37
0            305    4.85102e-31
0            306    1.16444e-25
0            307     1.0343e-20
0            308    2.64595e-16
0            309    1.66361e-12
0            310      2.627e-09
0            311    1.21021e-06
0            312     0.00017793
0            313       0.007536
0            314       0.105507
0            315       0.748104
0            316        3.46221
0            317        10.2476
0            318          20.43
0            319        27.7217
0            320        25.0991
0            321        14.8829
0            322        6.05374
0            323         1.6678
0            324       0.291667
0            325      0.0344039
0            326     0.00325978
0            327    0.000237332
0            328    6.86575e-06
0            329    4.98151e-08
0            330    8.72873e-11
0            331     4.0141e-14
0            332      5.452e-18
0            333    2.30539e-22
0            334     2.9661e-27
0            335    1.12996e-32
0            336    1.27322e-38
0            337    4.28688e-45
0            338    4.49674e-52
0            339    1.56272e-59
0            340    1.85135e-67
0            341    7.77018e-76
0            342    1.26247e-84
0            343    8.26727e-94
0            344   2.29962e-103
0            345   2.85565e-113
0            346   1.73121e-123
0            347   5.39396e-134
0            348   9.11113e-145
0            349   8.96783e-156
0            350   5.47974e-167
0            351   2.21567e-178
0            352     6.502e-190
0            353   1.76493e-201
0            354    5.8367e-212
0            355   8.09284e-222
0            356   1.17039e-231
0            357   1.84105e-241
0            358   3.71558e-251
0            359   1.03692e-260
0            360    4.1359e-270
0            361   2.19179e-279
0            362   1.51534e-288
0            363   1.35395e-297
0            364              0
0            365              0
0            366              0
0            367              0
0            368              0
0            369              0
0            370              0
0            371              0
0            372              0
0            373              0
0            374              0
0            375              0
0            376              0
0            377              0
0            378              0
0            379              0
0            380              0
0            381              0
0            382              0
0            383              0
0            384              0
0            385              0
0            386              0
0            387              0
0            388              0
0            389              0
0            390              0
0            391              0
0            392              0
0            393              0
0            394              0
0            395   5.74808e-301
0            396    1.1921e-291
0            397   2.09752e-282
0            398   3.13873e-273
0            399   3.91201e-264
0            400   4.00706e-255
0            401    3.2897e-246
0            402   2.21644e-237
0            403   1.21381e-228
0            404   5.53876e-220
0            405   2.24185e-211
0            406   8.23084e-203
0            407    2.7943e-194
0            408   7.88744e-186
0            409   1.72645e-177
0            410   2.81873e-169
0            411    3.3178e-161
0            412   2.77087e-153
0            413    1.5677e-145
0            414   6.14357e-138
0            415   1.60758e-130
0            416   2.82321e-123
0            417   3.26752e-116
0            418   2.43897e-109
0            419   1.18491e-102
0            420    3.66822e-96
0            421    7.12691e-90
0            422    8.62208e-84
0            423    6.55092e-78
0            424    3.11515e-72
0            425    9.64683e-67
0            426    2.14574e-61
0            427    3.84256e-56
0            428     5.2718e-51
0            429    4.86278e-46
0            430    2.62836e-41
0            431      7.989e-37
0            432    1.31913e-32
0            433    1.20415e-28
0            434    6.06932e-25
0            435    1.74282e-21
0            436    2.76257e-18
0            437    2.28789e-15
0            438    9.42015e-13
0            439    1.82563e-10
0            440    1.63316e-08
0            441    6.68747e-07
0            442    1.29286e-05
0            443    0.000132068
0            444    0.000872662
0            445     0.00432192
0            446      0.0168333
0            447       0.054387
0            448       0.149342
0            449       0.362017
0            450       0.801071
0            451        1.57921
0            452         2.7586
0            453        4.29275
0            454        5.93552
0            455        7.30312
0            456          8.045
0            457        7.97608
0            458        7.07603
0            459        5.62266
0            460        4.03576
0            461        2.58647
0            462        1.45587
0            463       0.729644
0            464       0.333994
0            465       0.141093
0            466      0.0550854
0            467      0.0190278
0            468     0.00503252
0            469    0.000815803
0            470    7.09759e-05
0            471    3.29898e-06
0            472    8.75037e-08
0            473    1.37403e-09
0            474    1.26629e-11
0            475    6.68405e-14
0            476    1.95419e-16
0            477    3.15522e-19
0            478    2.76713e-22
0            479    1.32959e-25
0            480    3.49843e-29
0            481    5.20008e-33
0            482    4.38849e-37
0            483    2.16204e-41
0            484    6.23606e-46
0            485    1.05407e-50
0            486    1.04133e-55
0            487    6.05059e-61
0            488    2.04497e-66
0            489    4.03226e-72
0            490    4.69073e-78
0            491    3.28438e-84
0            492     1.3811e-90
0            493     3.6157e-97
0            494   6.22149e-104
0            495   7.51652e-111
0            496   7.15026e-118
0            497   5.36597e-125
0            498   3.10969e-132
0            499   1.29861e-139
0            500   3.77029e-147
0            501   7.46561e-155
0            502   1.00575e-162
0            503   9.60361e-171
0            504   6.36893e-179
0            505    3.0321e-187
0            506   1.03547e-195
0            507   2.57297e-204
0            508   4.78436e-213
0            509   6.56126e-222
0            510   6.82654e-231
0            511   5.47313e-240
0            512    3.4544e-249
0            513   1.71315e-258
0            514   6.74548e-268
0            515   2.15469e-277
0            516   5.70829e-287
0            517   1.24371e-296
0            518   2.32463e-306
0            519              0
0            520              0
0            521              0
0            522              0
0            523              0
0            524              0
0            525              0
0            526              0
0            527              0
0            528              0
0            529              0
0            530              0
0            531              0
0            532              0
0            533              0
0            534              0
0            535              0
0            536              0
0            537              0
0            538              0
0            539              0
0            540              0
0            541              0
0            542              0
0            543              0
0            544              0
0            545    4.82364e-22
0            546    1.81027e-21
0            547    3.34804e-21
0            548    5.85888e-21
0            549    4.73649e-21
0            550    8.61366e-22
0            551    1.83689e-21
0            552    1.21307e-24
0            553    2.18932e-28
0            554    2.81579e-07
0            555    3.53192e-07
0            556    3.94102e-07
0            557    4.01541e-07
0            558     4.1479e-07
0            559    1.31329e-07
0            560    2.07302e-08
0            561    3.20053e-10
0            562    1.83918e-15
0            563        13.0283
0            564        12.6969
0            565        11.9432
0            566        9.49265
0            567        4.94251
0            568        1.13453
0            569       0.189557
0            570      0.0138921
0            571    4.14503e-06
0            572        146.481
0            573        141.313
0            574         131.33
0            575        101.278
0            576        48.7909
0            577         11.141
0            578        1.52067
0            579       0.153006
0            580    0.000855685
0            581     0.00115736
0            582     0.00112667
0            583     0.00114514
0            584     0.00119544
0            585     0.00133366
0            586    0.000429691
0            587    0.000291659
0            588    2.78012e-06
0            589    2.46471e-08
0            590     2.4669e-16
0            591    4.84405e-16
0            592     7.2789e-16
0            593    1.13229e-15
0            594    2.14986e-15
0            595     1.9677e-15
0            596     1.7023e-15
0            597    7.45876e-18
0            598    1.15354e-21
