0              0    3.47391e-35
0              1    4.42294e-34
0              2    5.90811e-33
0              3    8.03467e-32
0              4    1.12357e-30
0              5    1.57767e-29
0              6    2.27695e-28
0              7     3.3246e-27
0              8    4.80697e-26
0              9    7.06863e-25
0             10    1.04868e-23
0             11    1.56245e-22
0             12    2.38566e-21
0             13    3.72219e-20
0             14    5.89486e-19
0             15    9.70049e-18
0             16    1.60754e-16
0             17    2.62467e-15
0             18    4.21171e-14
0             19    6.49757e-13
0             20    9.62738e-12
0             21    1.32907e-10
0             22    1.71024e-09
0             23    2.07801e-08
0             24    2.28867e-07
0             25    2.34442e-06
0             26    2.21914e-05
0             27    0.000190064
0             28     0.00147975
0             29      0.0102575
0             30      0.0631716
0             31       0.337757
0             32        1.53199
0             33        5.90209
0             34        19.0602
0             35        50.8546
0             36         111.53
0             37        199.663
0             38        289.995
0             39        341.656
0             40        325.444
0             41         251.01
0             42        156.941
0             43        79.8068
0             44        33.0751
0             45        11.3597
0             46        3.24227
0             47       0.768289
0             48       0.154949
0             49      0.0269064
0             50      0.0040661
0             51    0.000533899
0             52    6.28543e-05
0             53    6.70115e-06
0             54    6.41776e-07
0             55    5.61798e-08
0             56    4.52203e-09
0             57    3.35563e-10
0             58    2.34437e-11
0             59    1.55897e-12
0             60    9.76454e-14
0             61    5.92456e-15
0             62    3.56846e-16
0             63     2.1106e-17
0             64    1.24995e-18
0             65    7.29808e-20
0             66    4.29754e-21
0             67     2.5832e-22
0             68    1.53679e-23
0             69    9.51635e-25
0             70    6.08879e-26
0             71    4.01297e-27
0             72    2.80295e-28
0             73    2.06207e-29
0             74    1.60524e-30
0             75     1.3028e-31
0             76    1.10167e-32
0             77    9.84056e-34
0             78    9.01268e-35
0             79    8.52721e-36
0             80    8.37219e-37
0             81    8.39203e-38
0             82    8.68502e-39
0             83    9.35576e-40
0             84    1.02407e-40
0             85    1.16819e-41
0             86    1.39732e-42
0             87    1.71107e-43
0             88    2.20044e-44
0             89     2.9296e-45
0             90    4.12382e-46
0             91    2.14051e-55
0             92    9.41377e-54
0             93    4.32141e-52
0             94    2.05582e-50
0             95    1.02699e-48
0             96    5.35064e-47
0             97    2.96785e-45
0             98    1.71205e-43
0             99    1.03767e-41
0            100    6.59897e-40
0            101    4.34588e-38
0            102    2.92494e-36
0            103    2.00475e-34
0            104    1.38271e-32
0            105    9.60374e-31
0            106    6.60308e-29
0            107    4.54942e-27
0            108    3.11175e-25
0            109    2.08627e-23
0            110    1.35587e-21
0            111    8.34898e-20
0            112    4.74979e-18
0            113    2.48289e-16
0            114    1.15114e-14
0            115    4.86845e-13
0            116    1.80987e-11
0            117    5.93955e-10
0            118    1.69759e-08
0            119    4.14231e-07
0            120    8.52076e-06
0            121    0.000144693
0            122     0.00199638
0            123      0.0221069
0            124       0.192027
0            125        1.27311
0            126        6.32472
0            127        23.0209
0            128        60.3595
0            129        112.431
0            130        147.809
0            131        136.639
0            132        89.0647
0            133        41.0734
0            134        13.6012
0            135        3.25957
0            136       0.578285
0            137       0.077407
0            138      0.0079688
0            139    0.000652408
0            140    4.26263e-05
0            141    2.31678e-06
0            142    1.04849e-07
0            143    4.09568e-09
0            144    1.40272e-10
0            145    4.25137e-12
0            146    1.15382e-13
0            147    2.80108e-15
0            148    6.13539e-17
0            149    1.21121e-18
0            150    2.23154e-20
0            151    3.94599e-22
0            152    6.82968e-24
0            153    1.17376e-25
0            154    2.02018e-27
0            155    3.43724e-29
0            156    5.76343e-31
0            157    9.45596e-33
0            158    1.48847e-34
0            159    2.32844e-36
0            160    3.48782e-38
0            161    5.13171e-40
0            162    7.37411e-42
0            163    1.04839e-43
0            164     1.4859e-45
0            165    2.10556e-47
0            166    3.01371e-49
0            167    4.44044e-51
0            168    6.69652e-53
0            169    1.07207e-54
0            170    1.82275e-56
0            171     3.4106e-58
0            172    7.09849e-60
0            173    1.68457e-61
0            174    4.59968e-63
0            175    1.43044e-64
0            176    4.92536e-66
0            177    1.89039e-67
0            178    7.89486e-69
0            179    3.55712e-70
0            180    1.71643e-71
0            181    8.87107e-73
0            182    3.22003e-90
0            183    1.90839e-87
0            184    1.34376e-84
0            185    1.12464e-81
0            186    1.07366e-78
0            187    1.15531e-75
0            188    1.32202e-72
0            189    1.56829e-69
0            190    1.89368e-66
0            191    2.22485e-63
0            192    2.54462e-60
0            193    2.79695e-57
0            194      2.925e-54
0            195     2.8465e-51
0            196    2.60494e-48
0            197     2.2206e-45
0            198    1.76648e-42
0            199    1.30421e-39
0            200    8.88478e-37
0            201    5.42371e-34
0            202    2.95351e-31
0            203    1.41127e-28
0            204    5.85434e-26
0            205    2.12361e-23
0            206     6.5097e-21
0            207    1.65112e-18
0            208    3.30625e-16
0            209    5.02183e-14
0            210    5.77025e-12
0            211    4.98558e-10
0            212    3.24888e-08
0            213    1.60377e-06
0            214    5.88398e-05
0            215     0.00155921
0            216      0.0289904
0            217       0.358267
0            218        2.79411
0            219        13.1342
0            220        36.0372
0            221        56.2247
0            222        49.4885
0            223         24.621
0            224        7.05037
0            225        1.18763
0            226       0.122506
0            227     0.00803692
0            228    0.000348781
0            229    1.04091e-05
0            230    2.20539e-07
0            231    3.48025e-09
0            232    4.16314e-11
0            233    3.96288e-13
0            234    3.10467e-15
0            235    2.08872e-17
0            236    1.29294e-19
0            237    7.41508e-22
0            238    3.80769e-24
0            239    1.65804e-26
0            240    5.96823e-29
0            241    1.72858e-31
0            242    4.05076e-34
0            243    7.82798e-37
0            244    1.24918e-39
0            245    1.68782e-42
0            246    1.97965e-45
0            247    2.01967e-48
0            248    1.86171e-51
0            249    1.61434e-54
0            250    1.35708e-57
0            251    1.20341e-60
0            252    1.17723e-63
0            253    1.29706e-66
0            254    1.56639e-69
0            255    1.97585e-72
0            256    2.58893e-75
0            257    3.46835e-78
0            258    4.80223e-81
0            259    6.86377e-84
0            260     1.0306e-86
0            261    1.62082e-89
0            262    2.73508e-92
0            263    4.99361e-95
0            264    9.94702e-98
0            265   2.15315e-100
0            266   5.22607e-103
0            267   1.42534e-105
0            268   4.37501e-108
0            269   1.54441e-110
0            270   6.19378e-113
0            271   2.88337e-115
0            272   1.57454e-117
0            273   2.56585e-143
0            274   1.31035e-138
0            275   7.40719e-134
0            276   4.57357e-129
0            277   2.99799e-124
0            278   2.05598e-119
0            279   1.42312e-114
0            280   9.92253e-110
0            281   6.72225e-105
0            282   4.35054e-100
0            283    2.59654e-95
0            284    1.41506e-90
0            285    6.79688e-86
0            286    2.85043e-81
0            287    1.01259e-76
0            288    3.02385e-72
0            289    7.90811e-68
0            290    2.18686e-63
0            291    8.24254e-59
0            292    3.53108e-54
0            293    1.21075e-49
0            294    2.86212e-45
0            295    4.44616e-41
0            296    4.48182e-37
0            297    2.89538e-33
0            298    1.24799e-29
0            299    3.83845e-26
0            300    8.86416e-23
0            301    1.57032e-19
0            302    2.06856e-16
0            303    1.78744e-13
0            304    8.74456e-11
0            305    2.24732e-08
0            306    3.05505e-06
0            307     0.00022785
0            308     0.00942086
0            309       0.203826
0            310        2.12431
0            311        9.89782
0            312        19.6995
0            313        16.3213
0            314        5.63499
0            315       0.834919
0            316      0.0563656
0            317     0.00188144
0            318    3.31129e-05
0            319    3.18402e-07
0            320    1.74019e-09
0            321    5.65085e-12
0            322    1.13171e-14
0            323    1.42493e-17
0            324    1.11791e-20
0            325    5.25001e-24
0            326    1.45997e-27
0            327    2.36495e-31
0            328    2.32554e-35
0            329    1.46971e-39
0            330    6.62941e-44
0            331    2.41909e-48
0            332    7.70239e-53
0            333    2.08242e-57
0            334    4.81069e-62
0            335    1.13256e-66
0            336     3.4547e-71
0            337    1.24512e-75
0            338    4.23895e-80
0            339    1.25832e-84
0            340    3.18139e-89
0            341    6.91352e-94
0            342    1.34491e-98
0            343   2.37273e-103
0            344    3.8812e-108
0            345   5.97276e-113
0            346    8.9797e-118
0            347   1.34192e-122
0            348   2.02473e-127
0            349   3.16098e-132
0            350   5.21344e-137
0            351   9.27876e-142
0            352    1.8388e-146
0            353   4.08278e-151
0            354   1.06387e-155
0            355   3.29269e-160
0            356   1.25723e-164
0            357   6.08796e-169
0            358   3.82996e-173
0            359   3.07496e-177
0            360   3.18477e-181
0            361   4.18289e-185
0            362   6.99012e-189
0            363    1.4762e-192
0            364   2.02874e-247
0            365   1.95417e-243
0            366   2.29019e-239
0            367   3.19836e-235
0            368   5.12825e-231
0            369   8.95056e-227
0            370   1.68531e-222
0            371   3.32124e-218
0            372    6.7459e-214
0            373   1.39467e-209
0            374   2.92628e-205
0            375   6.25627e-201
0            376   1.33402e-196
0            377   2.85026e-192
0            378   6.08997e-188
0            379   1.29124e-183
0            380   2.67957e-179
0            381   5.49871e-175
0            382   1.08798e-170
0            383   2.12331e-166
0            384   4.00524e-162
0            385   7.22311e-158
0            386   1.25585e-153
0            387   2.08448e-149
0            388   3.29004e-145
0            389    4.9151e-141
0            390    6.9654e-137
0            391    9.2094e-133
0            392   1.14402e-128
0            393   1.31145e-124
0            394   1.39045e-120
0            395   1.35104e-116
0            396   1.19214e-112
0            397   9.48457e-109
0            398   6.80862e-105
0            399   4.37326e-101
0            400     2.4969e-97
0            401    1.25475e-93
0            402    5.60777e-90
0            403    2.22398e-86
0            404    7.92977e-83
0            405    2.64115e-79
0            406    8.56738e-76
0            407    2.87493e-72
0            408    9.83004e-69
0            409    3.27735e-65
0            410    1.02199e-61
0            411    2.92667e-58
0            412    7.71301e-55
0            413    1.83669e-51
0            414    3.91011e-48
0            415    7.06458e-45
0            416    1.04711e-41
0            417    1.22922e-38
0            418     1.1127e-35
0            419    7.71561e-33
0            420     4.0371e-30
0            421    1.57804e-27
0            422    4.58582e-25
0            423    9.92306e-23
0            424    1.58661e-20
0            425    1.87473e-18
0            426     1.6422e-16
0            427    1.07698e-14
0            428    5.34792e-13
0            429    2.08291e-11
0            430     6.5629e-10
0            431    1.73257e-08
0            432     3.8216e-07
0            433    6.89868e-06
0            434    9.80319e-05
0            435     0.00107601
0            436     0.00896286
0            437       0.056276
0            438       0.265858
0            439       0.937265
0            440        2.44992
0            441        4.70369
0            442        6.58682
0            443        6.70433
0            444        4.95855
0            445        2.67431
0            446        1.05738
0            447        0.30857
0            448      0.0669139
0            449      0.0109112
0            450      0.0013576
0            451    0.000130433
0            452    9.88382e-06
0            453    6.02658e-07
0            454    3.00619e-08
0            455      1.224e-09
0            456    3.98653e-11
0            457    1.01411e-12
0            458    1.97773e-14
0            459    2.95717e-16
0            460    3.38697e-18
0            461    3.01288e-20
0            462    2.11947e-22
0            463     1.1819e-24
0            464    5.23372e-27
0            465    1.82671e-29
0            466    5.00354e-32
0            467    1.06811e-34
0            468    1.76954e-37
0            469    2.28247e-40
0            470    2.30583e-43
0            471    1.81846e-46
0            472    1.13541e-49
0            473    5.60187e-53
0            474    2.19866e-56
0            475    7.06897e-60
0            476    1.87798e-63
0            477    4.48406e-67
0            478    1.05705e-70
0            479    2.77664e-74
0            480     7.8647e-78
0            481    2.19275e-81
0            482    5.48383e-85
0            483    1.20396e-88
0            484    2.29193e-92
0            485    3.78196e-96
0            486   5.42447e-100
0            487   6.85466e-104
0            488   7.60233e-108
0            489   7.43213e-112
0            490   6.46567e-116
0            491    5.0648e-120
0            492    3.5509e-124
0            493   2.25464e-128
0            494   1.30992e-132
0            495   6.93211e-137
0            496   3.40905e-141
0            497   1.53535e-145
0            498   6.47656e-150
0            499   2.56651e-154
0            500   9.63711e-159
0            501   3.41853e-163
0            502   1.14842e-167
0            503   3.74319e-172
0            504   1.17138e-176
0            505   3.57712e-181
0            506   1.06638e-185
0            507    3.1217e-190
0            508   9.11778e-195
0            509   2.64439e-199
0            510   7.80153e-204
0            511   2.40629e-208
0            512   8.18513e-213
0            513   3.25663e-217
0            514   1.58479e-221
0            515   9.42181e-226
0            516   6.53294e-230
0            517   4.97172e-234
0            518   4.08831e-238
0            519   3.56103e-242
0            520   3.31201e-246
0            521   3.30314e-250
0            522   3.53981e-254
0            523   4.17375e-258
0            524   5.47677e-262
0            525   8.06849e-266
0            526   1.35194e-269
0            527   2.64388e-273
0            528   5.85738e-277
0            529   1.49317e-280
0            530   4.29127e-284
0            531   1.39232e-287
0            532   5.07234e-291
0            533   2.05527e-294
0            534   9.12125e-298
0            535    4.4735e-301
0            536   2.39217e-304
0            537   1.20424e-307
0            538              0
0            539              0
0            540              0
0            541              0
0            542              0
0            543              0
0            544              0
0            545    6.45174e-08
0            546    7.23501e-08
0            547    8.57625e-08
0            548    1.13702e-07
0            549     1.3794e-07
0            550    1.37113e-07
0            551    4.97743e-08
0            552    2.51987e-08
0            553    2.26889e-09
0            554        3.02498
0            555        2.99986
0            556        2.94072
0            557        2.60045
0            558        1.70021
0            559       0.646662
0            560       0.171293
0            561      0.0381231
0            562     0.00233376
0            563        67.8641
0            564        66.2994
0            565        63.1754
0            566        52.0767
0            567        29.1888
0            568        8.94304
0            569        2.08694
0            570       0.383792
0            571      0.0214092
0            572     0.00014618
0            573    0.000156877
0            574    0.000170692
0            575    0.000197955
0            576    0.000193734
0            577    9.64394e-05
0            578    3.19875e-05
0            579    9.80892e-06
0            580    5.88097e-07
0            581    1.03217e-14
0            582    1.17085e-14
0            583    1.81378e-14
0            584    3.62701e-14
0            585    4.43449e-14
0            586    3.65642e-14
0            587    2.71238e-14
0            588    8.18403e-15
0            589    9.15696e-16
0            590    1.24908e-26
0            591     1.1536e-26
0            592     1.5428e-26
0            593    2.39161e-26
0            594    3.84689e-26
0            595    6.73114e-26
0            596    6.53205e-26
0            597      1.916e-26
0            598    1.07771e-26
