0              0    8.72814e-23
0              1    1.14294e-21
0              2    1.48495e-20
0              3    1.85481e-19
0              4    2.24227e-18
0              5    2.57995e-17
0              6    2.88649e-16
0              7    3.09567e-15
0              8    3.15961e-14
0              9    3.16644e-13
0             10    3.12617e-12
0             11    3.05705e-11
0             12    2.99475e-10
0             13    2.88159e-09
0             14    2.65253e-08
0             15    2.33164e-07
0             16    1.89186e-06
0             17    1.39268e-05
0             18    9.34975e-05
0             19    0.000567696
0             20     0.00314013
0             21      0.0155903
0             22      0.0694659
0             23       0.279632
0             24        0.99011
0             25        3.11139
0             26        8.62431
0             27        20.8568
0             28         44.111
0             29        81.1031
0             30        129.716
0             31        179.513
0             32        214.345
0             33        220.955
0             34        196.274
0             35        150.266
0             36        99.1191
0             37        56.4285
0             38        27.8757
0             39        11.9129
0             40        4.42275
0             41        1.44382
0             42        0.41237
0             43       0.103452
0             44       0.022737
0             45     0.00445656
0             46    0.000773125
0             47    0.000117579
0             48    1.60784e-05
0             49    1.99523e-06
0             50    2.27067e-07
0             51    2.37933e-08
0             52    2.40637e-09
0             53    2.41216e-10
0             54    2.42227e-11
0             55    2.50422e-12
0             56    2.66365e-13
0             57    2.85731e-14
0             58    3.05781e-15
0             59    3.21138e-16
0             60    3.21076e-17
0             61    3.07998e-18
0             62    2.86112e-19
0             63    2.53502e-20
0             64    2.17218e-21
0             65    1.77554e-22
0             66    1.41329e-23
0             67    1.10974e-24
0             68    8.35029e-26
0             69    6.29283e-27
0             70    4.71602e-28
0             71    3.48619e-29
0             72    2.60885e-30
0             73    1.97339e-31
0             74    1.52542e-32
0             75    1.20388e-33
0             76    9.82283e-35
0             77    8.54534e-36
0             78    7.78484e-37
0             79     7.5877e-38
0             80    7.98742e-39
0             81    8.93478e-40
0             82    1.07692e-40
0             83    1.40392e-41
0             84    1.92545e-42
0             85    2.84809e-43
0             86    4.53053e-44
0             87    7.55079e-45
0             88    1.35138e-45
0             89    2.55214e-46
0             90    5.16216e-47
0             91    4.03512e-37
0             92    2.48572e-35
0             93    1.63385e-33
0             94     1.0848e-31
0             95    7.15145e-30
0             96    4.50428e-28
0             97    2.71122e-26
0             98    1.49804e-24
0             99    7.57926e-23
0            100    3.49027e-21
0            101    1.44952e-19
0            102    5.45552e-18
0            103     1.9002e-16
0            104    6.28176e-15
0            105    1.98698e-13
0            106    5.80642e-12
0            107    1.50744e-10
0            108    3.30751e-09
0            109    5.93805e-08
0            110    8.65308e-07
0            111    1.02598e-05
0            112     0.00010052
0            113    0.000838881
0            114     0.00598487
0            115      0.0371335
0            116       0.194296
0            117       0.846561
0            118         3.0335
0            119         8.8903
0            120        21.3132
0            121        41.6604
0            122        66.1741
0            123        85.1334
0            124        88.3973
0            125        74.0188
0            126        50.0684
0            127        27.4338
0            128        12.2169
0            129        4.43965
0            130        1.31606
0            131       0.316682
0            132      0.0621876
0            133     0.00985832
0            134     0.00127924
0            135    0.000135129
0            136    1.18289e-05
0            137    8.66475e-07
0            138    5.36971e-08
0            139    2.89656e-09
0            140    1.35272e-10
0            141    5.69707e-12
0            142    2.17072e-13
0            143    7.85833e-15
0            144    2.77508e-16
0            145    9.61351e-18
0            146    3.23257e-19
0            147    1.02478e-20
0            148    3.00887e-22
0            149    8.00801e-24
0            150    1.95056e-25
0            151    4.36538e-27
0            152    8.97709e-29
0            153     1.7078e-30
0            154    3.06103e-32
0            155    5.21527e-34
0            156    8.65865e-36
0            157    1.43062e-37
0            158    2.38295e-39
0            159    4.31978e-41
0            160    8.54438e-43
0            161    1.92742e-44
0            162    4.91391e-46
0            163    1.39627e-47
0            164    4.31027e-49
0            165    1.41348e-50
0            166    4.87521e-52
0            167    1.77429e-53
0            168    6.70344e-55
0            169    2.68222e-56
0            170    1.11957e-57
0            171    4.95889e-59
0            172    2.31351e-60
0            173    1.14921e-61
0            174    6.10687e-63
0            175    3.46904e-64
0            176    2.08005e-65
0            177    1.34667e-66
0            178    9.39746e-68
0            179    7.02853e-69
0            180    5.68469e-70
0            181    4.97168e-71
0            182     4.2298e-58
0            183    3.68492e-55
0            184    3.42368e-52
0            185    3.21278e-49
0            186    2.83325e-46
0            187    2.31387e-43
0            188    1.66847e-40
0            189    1.04822e-37
0            190    5.68826e-35
0            191    2.58011e-32
0            192     9.8477e-30
0            193    3.13579e-27
0            194    8.23383e-25
0            195    1.73377e-22
0            196    2.90407e-20
0            197    3.77475e-18
0            198    3.76105e-16
0            199    2.91337e-14
0            200    1.84734e-12
0            201    1.02867e-10
0            202    5.07078e-09
0            203    1.96354e-07
0            204    5.28862e-06
0            205    9.42871e-05
0            206     0.00110876
0            207     0.00919627
0            208      0.0591267
0            209       0.312275
0            210        1.33266
0            211        4.38487
0            212        10.8841
0            213         20.351
0            214        28.7021
0            215        30.5345
0            216        24.4398
0            217        14.6857
0            218        6.62079
0            219        2.23765
0            220       0.564036
0            221       0.106994
0            222      0.0157387
0            223     0.00191083
0            224    0.000197918
0            225     1.6034e-05
0            226    9.23617e-07
0            227    3.57826e-08
0            228    9.24378e-10
0            229    1.61488e-11
0            230    1.93943e-13
0            231    1.67047e-15
0            232    1.04732e-17
0            233    5.05061e-20
0            234     1.9377e-22
0            235    6.06337e-25
0            236    1.60985e-27
0            237    3.61779e-30
0            238    6.99419e-33
0            239    1.19824e-35
0            240    1.93752e-38
0            241    3.11269e-41
0            242    5.26466e-44
0            243    9.53237e-47
0            244    1.76961e-49
0            245    3.32673e-52
0            246    6.38928e-55
0            247     1.2679e-57
0            248    2.73954e-60
0            249    6.64773e-63
0            250    1.77193e-65
0            251    5.12852e-68
0            252    1.54964e-70
0            253     4.8272e-73
0            254    1.54085e-75
0            255     4.9919e-78
0            256     1.6739e-80
0            257    5.80393e-83
0            258    2.11357e-85
0            259    8.09056e-88
0            260    3.30805e-90
0            261    1.44276e-92
0            262    6.86225e-95
0            263    3.59545e-97
0            264    2.10023e-99
0            265   1.37315e-101
0            266   1.03924e-103
0            267   9.17671e-106
0            268   9.48655e-108
0            269   1.16399e-109
0            270   1.66715e-111
0            271   2.81339e-113
0            272    5.6164e-115
0            273     3.1363e-92
0            274    6.95268e-88
0            275    1.44156e-83
0            276    3.15262e-79
0            277    9.56721e-75
0            278    4.36804e-70
0            279     2.1689e-65
0            280    9.42934e-61
0            281    3.22216e-56
0            282     8.3383e-52
0            283      1.561e-47
0            284    2.07776e-43
0            285    1.90672e-39
0            286    1.19827e-35
0            287    5.09026e-32
0            288    1.48096e-28
0            289    3.00825e-25
0            290    4.24568e-22
0            291    4.01199e-19
0            292     2.4128e-16
0            293    8.77216e-14
0            294    1.87269e-11
0            295    2.33389e-09
0            296    1.71102e-07
0            297    7.45086e-06
0            298    0.000197327
0            299     0.00321175
0            300      0.0320353
0            301       0.202635
0            302       0.876888
0            303        2.71194
0            304        5.90807
0            305        8.96932
0            306        9.58194
0            307        7.20059
0            308        3.78219
0            309        1.39519
0            310       0.356972
0            311      0.0619287
0            312     0.00745687
0            313    0.000652381
0            314    3.75686e-05
0            315    1.29967e-06
0            316    2.62935e-08
0            317    2.86796e-10
0            318    1.54951e-12
0            319    4.03182e-15
0            320    5.09016e-18
0            321     3.1677e-21
0            322    1.00492e-24
0            323    1.75155e-28
0            324    2.08762e-32
0            325    3.05395e-36
0            326    9.16216e-40
0            327    3.77568e-43
0            328    1.39767e-46
0            329    3.94199e-50
0            330      8.199e-54
0            331    1.25405e-57
0            332    1.44556e-61
0            333    1.27706e-65
0            334    8.80506e-70
0            335    4.86201e-74
0            336    2.20401e-78
0            337    8.30585e-83
0            338    2.66574e-87
0            339    7.57476e-92
0            340     1.9195e-96
0            341   4.41365e-101
0            342   9.60403e-106
0            343   2.00303e-110
0            344    4.1069e-115
0            345   8.44775e-120
0            346   1.87975e-124
0            347   5.22691e-129
0            348   2.36301e-133
0            349   1.92424e-137
0            350   2.32994e-141
0            351   3.66369e-145
0            352   7.33396e-149
0            353    1.8442e-152
0            354   5.92594e-156
0            355   2.37863e-159
0            356   1.18704e-162
0            357   7.36162e-166
0            358   5.69055e-169
0            359    5.3931e-172
0            360   6.38184e-175
0            361   9.37075e-178
0            362   1.72833e-180
0            363   4.00685e-183
0            364   1.36537e-152
0            365   7.24103e-149
0            366   3.66905e-145
0            367    1.7585e-141
0            368   7.96697e-138
0            369   3.37615e-134
0            370   1.36408e-130
0            371   5.28178e-127
0            372   2.00191e-123
0            373   7.82953e-120
0            374   3.34412e-116
0            375   1.60069e-112
0            376   8.17796e-109
0            377   4.21903e-105
0            378   2.10515e-101
0            379    9.88303e-98
0            380    4.29203e-94
0            381    1.73849e-90
0            382    6.48276e-87
0            383    2.27173e-83
0            384    7.42933e-80
0            385    2.23284e-76
0            386    6.16537e-73
0            387    1.51692e-69
0            388    3.28026e-66
0            389    6.08501e-63
0            390    9.61799e-60
0            391    1.26669e-56
0            392    1.39445e-53
0            393    1.26741e-50
0            394    9.60027e-48
0            395    6.18094e-45
0            396    3.54789e-42
0            397    1.94649e-39
0            398    1.06748e-36
0            399    5.56293e-34
0            400    2.50877e-31
0            401    9.08784e-29
0            402    2.56439e-26
0            403    5.50379e-24
0            404    8.88619e-22
0            405    1.07719e-19
0            406    9.72255e-18
0            407     6.5871e-16
0            408    3.34032e-14
0            409     1.2848e-12
0            410    3.83676e-11
0            411    9.17227e-10
0            412    1.79898e-08
0            413    2.86426e-07
0            414     3.5824e-06
0            415    3.35328e-05
0            416    0.000229175
0            417      0.0011455
0            418     0.00432919
0            419      0.0132013
0            420       0.034918
0            421      0.0839245
0            422       0.184686
0            423        0.37032
0            424       0.674098
0            425        1.11057
0            426        1.65501
0            427        2.23614
0            428        2.73454
0            429        3.00911
0            430        2.96398
0            431        2.61302
0            432        2.07015
0            433          1.482
0            434       0.963104
0            435       0.567775
0            436       0.303488
0            437       0.147255
0            438      0.0648775
0            439       0.025785
0            440     0.00890693
0            441     0.00251777
0            442    0.000553677
0            443     9.2859e-05
0            444     1.1901e-05
0            445    1.17132e-06
0            446    8.79938e-08
0            447    5.02985e-09
0            448    2.20233e-10
0            449    7.54541e-12
0            450    2.05272e-13
0            451    4.38812e-15
0            452    7.29808e-17
0            453    9.30956e-19
0            454    9.07403e-21
0            455     6.7506e-23
0            456    3.85842e-25
0            457    1.72054e-27
0            458    6.10372e-30
0            459    1.78593e-32
0            460     4.4396e-35
0            461     9.9486e-38
0            462    2.21641e-40
0            463    5.40783e-43
0            464    1.46775e-45
0            465    3.99809e-48
0            466    9.91195e-51
0            467    2.11865e-53
0            468    3.82627e-56
0            469     5.8305e-59
0            470    7.53462e-62
0            471    8.22313e-65
0            472    7.68183e-68
0            473      6.111e-71
0            474    4.15892e-74
0            475    2.46403e-77
0            476    1.25477e-80
0            477    5.61834e-84
0            478    2.18643e-87
0            479    7.52874e-91
0            480    2.27489e-94
0            481    6.15695e-98
0            482   1.47834e-101
0            483   3.19967e-105
0            484   6.25328e-109
0            485   1.10751e-112
0            486   1.78387e-116
0            487   2.65261e-120
0            488   3.62656e-124
0            489   4.57473e-128
0            490   5.37534e-132
0            491   5.94828e-136
0            492   6.16269e-140
0            493     6.044e-144
0            494   5.66851e-148
0            495   5.06073e-152
0            496   4.39148e-156
0            497   3.67547e-160
0            498   3.11145e-164
0            499   2.94754e-168
0            500   4.00683e-172
0            501   9.14903e-176
0            502    2.8747e-179
0            503   1.01699e-182
0            504   3.69619e-186
0            505   1.36393e-189
0            506   5.06549e-193
0            507   1.89387e-196
0            508   7.18535e-200
0            509   2.74272e-203
0            510   1.06281e-206
0            511   4.19405e-210
0            512   1.69726e-213
0            513   7.03025e-217
0            514   2.97942e-220
0            515   1.30107e-223
0            516   5.89602e-227
0            517   2.75656e-230
0            518   1.34663e-233
0            519   6.83833e-237
0            520   3.64306e-240
0            521   2.03843e-243
0            522    1.1934e-246
0            523   7.39154e-250
0            524   4.84021e-253
0            525   3.34277e-256
0            526   2.44207e-259
0            527    1.9261e-262
0            528    1.6025e-265
0            529   1.43517e-268
0            530   1.36999e-271
0            531   1.40844e-274
0            532   1.56548e-277
0            533   1.88237e-280
0            534   2.43402e-283
0            535   3.44751e-286
0            536   5.32395e-289
0            537   8.96779e-292
0            538   1.67398e-294
0            539   3.50216e-297
0            540   8.46213e-300
0            541   2.41019e-302
0            542   8.63555e-305
0            543   3.78784e-307
0            544              0
0            545        5.65131
0            546          5.546
0            547        5.32952
0            548        4.48488
0            549        2.79843
0            550       0.947071
0            551        0.24118
0            552      0.0535883
0            553     0.00682119
0            554        67.8496
0            555        65.9614
0            556        62.5393
0            557        51.2527
0            558        29.3617
0            559        9.32986
0            560        2.20672
0            561       0.407695
0            562      0.0212442
0            563      0.0263495
0            564      0.0260841
0            565       0.025471
0            566      0.0230728
0            567      0.0157711
0            568     0.00766229
0            569     0.00189945
0            570     0.00101675
0            571    3.66048e-05
0            572    6.54721e-10
0            573    6.54902e-10
0            574     6.3406e-10
0            575    6.22884e-10
0            576    6.07804e-10
0            577    4.35954e-10
0            578    1.18271e-10
0            579    6.50048e-11
0            580    3.97841e-12
0            581     1.8258e-20
0            582    3.52687e-20
0            583    5.78171e-20
0            584    8.94088e-20
0            585    8.58924e-20
0            586    4.16903e-20
0            587    3.09189e-20
0            588    7.63409e-21
0            589    2.28318e-21
0            590    2.04399e-32
0            591    1.07636e-31
0            592    2.30352e-31
0            593    3.75954e-31
0            594    4.52584e-31
0            595     5.7214e-31
0            596    6.56067e-31
0            597    6.60659e-32
0            598    3.29593e-32
