0              0    3.16463e-07
0              1    2.07944e-06
0              2    1.26202e-05
0              3    7.00068e-05
0              4    0.000360692
0              5     0.00173455
0              6     0.00790797
0              7      0.0335995
0              8       0.130934
0              9       0.466738
0             10        1.49317
0             11        4.23587
0             12        10.6156
0             13        23.2945
0             14        44.5632
0             15        74.4962
0             16        108.062
0             17        135.733
0             18        147.673
0             19        138.992
0             20        112.998
0             21        79.4423
0             22        48.3958
0             23        25.4166
0             24        11.6422
0             25        4.63643
0             26        1.60554
0             27       0.488686
0             28        0.13044
0             29      0.0307873
0             30     0.00640781
0             31     0.00118998
0             32    0.000201657
0             33    3.10371e-05
0             34    4.40463e-06
0             35    5.86495e-07
0             36    7.32583e-08
0             37    8.66732e-09
0             38    9.84663e-10
0             39    1.05911e-10
0             40    1.09462e-11
0             41    1.11208e-12
0             42     1.0951e-13
0             43    1.05718e-14
0             44    9.93886e-16
0             45    9.32967e-17
0             46    8.62115e-18
0             47    7.73635e-19
0             48    6.95343e-20
0             49    6.32341e-21
0             50     5.8132e-22
0             51     5.3936e-23
0             52     5.2588e-24
0             53    5.37831e-25
0             54    5.71812e-26
0             55    6.39859e-27
0             56    7.48471e-28
0             57    9.11996e-29
0             58    1.16612e-29
0             59    1.55333e-30
0             60    2.11892e-31
0             61    2.98509e-32
0             62    4.38878e-33
0             63    6.62507e-34
0             64    1.03869e-34
0             65    1.66514e-35
0             66    2.76226e-36
0             67    4.80328e-37
0             68     8.5046e-38
0             69    1.57532e-38
0             70    3.04948e-39
0             71    6.07911e-40
0             72    1.26548e-40
0             73    2.74737e-41
0             74    6.22073e-42
0             75    1.46633e-42
0             76    3.59854e-43
0             77    9.33209e-44
0             78    2.51553e-44
0             79    7.14043e-45
0             80    2.13576e-45
0             81    6.62945e-46
0             82    2.16351e-46
0             83    7.43262e-47
0             84    2.64013e-47
0             85    9.95757e-48
0             86    3.94989e-48
0             87    1.61794e-48
0             88    7.02761e-49
0             89    3.18608e-49
0             90    1.51735e-49
0             91    2.66279e-12
0             92    4.16162e-11
0             93    6.08681e-10
0             94    8.38664e-09
0             95     1.1026e-07
0             96    1.33618e-06
0             97    1.47334e-05
0             98    0.000142309
0             99      0.0011875
0            100     0.00845447
0            101      0.0505948
0            102        0.25189
0            103        1.03384
0            104        3.47274
0            105         9.4678
0            106        20.8053
0            107        36.7901
0            108        52.1715
0            109        59.2406
0            110        53.8725
0            111        39.2828
0            112        23.0295
0            113        10.8647
0            114        4.16892
0            115        1.29585
0            116        0.33037
0            117      0.0692251
0            118      0.0120152
0            119     0.00174506
0            120    0.000213787
0            121    2.23888e-05
0            122    2.02883e-06
0            123    1.59241e-07
0            124    1.09426e-08
0            125    6.61298e-10
0            126    3.52263e-11
0            127    1.66018e-12
0            128    6.98765e-14
0            129    2.67309e-15
0            130    9.42253e-17
0            131    3.09282e-18
0            132    9.80013e-20
0            133    2.97526e-21
0            134    8.83173e-23
0            135     2.5258e-24
0            136    7.04303e-26
0            137    1.91364e-27
0            138    5.08225e-29
0            139    1.36262e-30
0            140    3.62106e-32
0            141    1.00629e-33
0            142    2.89922e-35
0            143    9.01633e-37
0            144    3.11429e-38
0            145    1.22176e-39
0            146    5.53371e-41
0            147     2.8391e-42
0            148    1.61427e-43
0            149    9.73894e-45
0            150    6.20614e-46
0            151    4.10918e-47
0            152    2.80303e-48
0            153    1.95949e-49
0            154     1.4129e-50
0            155    1.04922e-51
0            156    8.09228e-53
0            157    6.47954e-54
0            158    5.33284e-55
0            159    4.64264e-56
0            160    4.18964e-57
0            161    3.95964e-58
0            162     3.9159e-59
0            163    4.08977e-60
0            164    4.51092e-61
0            165    5.25078e-62
0            166     6.4508e-63
0            167    8.44254e-64
0            168    1.16413e-64
0            169     1.7239e-65
0            170    2.69078e-66
0            171    4.50712e-67
0            172    8.02207e-68
0            173    1.53096e-68
0            174    3.13459e-69
0            175    6.87678e-70
0            176     1.5974e-70
0            177    3.98197e-71
0            178     1.0694e-71
0            179    3.04871e-72
0            180    9.35196e-73
0            181    3.06607e-73
0            182     3.1248e-18
0            183    2.09215e-16
0            184    1.13168e-14
0            185    5.01817e-13
0            186    1.84136e-11
0            187    5.79728e-10
0            188    1.56194e-08
0            189    3.56818e-07
0            190    6.73888e-06
0            191    0.000100786
0            192     0.00116996
0            193      0.0104365
0            194      0.0720831
0            195       0.385803
0            196        1.58276
0            197         4.8525
0            198        10.9258
0            199        17.9191
0            200        21.3224
0            201        18.4013
0            202        11.5282
0            203        5.25502
0            204        1.75269
0            205       0.430177
0            206      0.0788438
0            207      0.0108669
0            208     0.00114421
0            209     9.4363e-05
0            210    6.18709e-06
0            211    3.24865e-07
0            212    1.34659e-08
0            213    4.32372e-10
0            214      1.069e-11
0            215    2.06168e-13
0            216    3.15601e-15
0            217    4.03313e-17
0            218    4.50252e-19
0            219     4.5072e-21
0            220     3.9821e-23
0            221    3.09342e-25
0            222    2.06938e-27
0            223    1.18113e-29
0            224    5.89504e-32
0            225    2.57704e-34
0            226    1.04018e-36
0            227    4.07221e-39
0            228    1.62919e-41
0            229    6.89933e-44
0            230       3.04e-46
0            231    1.38038e-48
0            232    6.17463e-51
0            233    2.74613e-53
0            234    1.20937e-55
0            235    5.28434e-58
0            236    2.35871e-60
0            237     1.0732e-62
0            238     5.0538e-65
0            239    2.50053e-67
0            240     1.3297e-69
0            241    7.58552e-72
0            242     4.7189e-74
0            243    3.29907e-76
0            244    2.58567e-78
0            245     2.3288e-80
0            246    2.42144e-82
0            247    2.85519e-84
0            248     3.8338e-86
0            249    5.82787e-88
0            250    9.82607e-90
0            251    1.85149e-91
0            252    3.87407e-93
0            253    9.03241e-95
0            254    2.33761e-96
0            255    6.69438e-98
0            256    2.15248e-99
0            257   7.68682e-101
0            258   3.09328e-102
0            259   1.38778e-103
0            260   6.98742e-105
0            261   3.93375e-106
0            262   2.49361e-107
0            263    1.7758e-108
0            264    1.4176e-109
0            265   1.26264e-110
0            266   1.26597e-111
0            267   1.42399e-112
0            268   1.79019e-113
0            269   2.51899e-114
0            270   3.93886e-115
0            271    6.8582e-116
0            272   1.33628e-116
0            273    1.22684e-30
0            274    1.74466e-27
0            275     1.9007e-24
0            276    1.60993e-21
0            277    1.02848e-18
0            278    4.59834e-16
0            279    1.32875e-13
0            280    2.39622e-11
0            281    2.65578e-09
0            282    1.85683e-07
0            283    8.30679e-06
0            284    0.000231904
0            285      0.0038088
0            286      0.0370398
0            287       0.231084
0            288       0.983702
0            289        2.84132
0            290        5.47052
0            291        6.94355
0            292          5.745
0            293        3.09168
0            294         1.0959
0            295       0.260841
0            296      0.0429442
0            297     0.00528722
0            298    0.000494105
0            299    2.94367e-05
0            300    9.61529e-07
0            301    1.73826e-08
0            302    1.98849e-10
0            303    1.73373e-12
0            304    1.23497e-14
0            305    6.67817e-17
0            306    2.58224e-19
0            307    7.18154e-22
0            308    1.45674e-24
0            309    2.17265e-27
0            310    2.35173e-30
0            311    1.84706e-33
0            312    1.03734e-36
0            313    4.22435e-40
0            314    1.24469e-43
0            315     2.7056e-47
0            316    4.41183e-51
0            317    5.52745e-55
0            318    5.41181e-59
0            319    4.23403e-63
0            320    2.74123e-67
0            321    1.59647e-71
0            322    1.30646e-75
0            323    2.94093e-79
0            324    1.05731e-82
0            325    3.87577e-86
0            326    1.38988e-89
0            327    4.82519e-93
0            328    1.67126e-96
0            329   5.85312e-100
0            330   2.09028e-103
0            331   7.71741e-107
0            332   3.02307e-110
0            333    1.2742e-113
0            334   5.87484e-117
0            335   3.04492e-120
0            336   1.83319e-123
0            337   1.30691e-126
0            338   1.12666e-129
0            339   1.22033e-132
0            340   1.63459e-135
0            341   2.68528e-138
0            342   5.41672e-141
0            343   1.31937e-143
0            344   3.89744e-146
0            345   1.36831e-148
0            346   5.80364e-151
0            347   2.98203e-153
0            348   1.84481e-155
0            349   1.37709e-157
0            350   1.24366e-159
0            351   1.36194e-161
0            352   1.81193e-163
0            353   2.88782e-165
0            354   5.61376e-167
0            355   1.31155e-168
0            356   3.66308e-170
0            357   1.23391e-171
0            358    4.9902e-173
0            359   2.38689e-174
0            360   1.36479e-175
0            361   9.20808e-177
0            362   7.35636e-178
0            363   6.91986e-179
0            364     2.6784e-45
0            365    3.57454e-43
0            366    4.50273e-41
0            367    6.30895e-39
0            368    1.15446e-36
0            369    2.46889e-34
0            370    5.08168e-32
0            371    9.05518e-30
0            372    1.34492e-27
0            373    1.65345e-25
0            374     1.6728e-23
0            375    1.38968e-21
0            376    9.39839e-20
0            377    5.15789e-18
0            378    2.28954e-16
0            379    8.19874e-15
0            380    2.37578e-13
0            381    5.66898e-12
0            382    1.13005e-10
0            383    1.91878e-09
0            384    2.76014e-08
0            385    3.27791e-07
0            386    3.14802e-06
0            387     2.4006e-05
0            388    0.000146356
0            389    0.000726106
0            390     0.00301452
0            391      0.0106696
0            392      0.0326657
0            393      0.0870417
0            394       0.202988
0            395       0.415252
0            396       0.746274
0            397        1.17964
0            398        1.64118
0            399        2.00844
0            400        2.16281
0            401        2.05118
0            402        1.71107
0            403        1.25207
0            404       0.803009
0            405       0.451618
0            406       0.222744
0            407      0.0958162
0            408      0.0357195
0            409      0.0113722
0            410     0.00302073
0            411    0.000652377
0            412    0.000112479
0            413    1.54468e-05
0            414    1.69005e-06
0            415    1.48717e-07
0            416    1.05525e-08
0            417    6.03977e-10
0            418    2.78617e-11
0            419    1.02944e-12
0            420    3.05844e-14
0            421    7.35491e-16
0            422    1.44403e-17
0            423    2.32444e-19
0            424    3.09602e-21
0            425    3.45823e-23
0            426    3.31439e-25
0            427    2.81009e-27
0            428    2.20721e-29
0            429    1.64112e-31
0            430      1.169e-33
0            431    7.80804e-36
0            432     4.8122e-38
0            433    2.67198e-40
0            434    1.33088e-42
0            435     5.8314e-45
0            436    2.24936e-47
0            437    7.63864e-50
0            438    2.25636e-52
0            439    5.85682e-55
0            440    1.32911e-57
0            441     2.6579e-60
0            442    4.71949e-63
0            443    7.47794e-66
0            444    1.06203e-68
0            445    1.37627e-71
0            446    1.64464e-74
0            447    1.84788e-77
0            448    1.99352e-80
0            449    2.12549e-83
0            450    2.29083e-86
0            451    2.47398e-89
0            452    2.67607e-92
0            453    2.85212e-95
0            454    2.96828e-98
0            455   2.97469e-101
0            456   2.85521e-104
0            457   2.62204e-107
0            458   2.30016e-110
0            459   1.94778e-113
0            460   1.58067e-116
0            461   1.23541e-119
0            462   9.44816e-123
0            463   7.03098e-126
0            464   5.16407e-129
0            465   3.79369e-132
0            466   2.84882e-135
0            467    2.2728e-138
0            468   2.03472e-141
0            469   2.16663e-144
0            470   2.78029e-147
0            471   4.10289e-150
0            472   6.63023e-153
0            473   1.12424e-155
0            474   1.94861e-158
0            475   3.47297e-161
0            476   6.22714e-164
0            477   1.14748e-166
0            478   2.13008e-169
0            479   4.05674e-172
0            480   7.83511e-175
0            481   1.56077e-177
0            482   3.17354e-180
0            483   6.65733e-183
0            484   1.44339e-185
0            485   3.23344e-188
0            486   7.48214e-191
0            487    1.8123e-193
0            488   4.57263e-196
0            489   1.20163e-198
0            490   3.31111e-201
0            491   9.62442e-204
0            492    2.9396e-206
0            493   9.49219e-209
0            494   3.26383e-211
0            495   1.18924e-213
0            496   4.64891e-216
0            497   1.92976e-218
0            498   8.60259e-221
0            499   4.12095e-223
0            500   2.13655e-225
0            501   1.19034e-227
0            502   7.12186e-230
0            503    4.6221e-232
0            504   3.23398e-234
0            505   2.44774e-236
0            506   2.00187e-238
0            507   1.76497e-240
0            508   1.68429e-242
0            509    1.7268e-244
0            510   1.90995e-246
0            511     2.275e-248
0            512   2.93261e-250
0            513   4.08687e-252
0            514    6.1089e-254
0            515   9.84494e-256
0            516   1.71947e-257
0            517   3.23085e-259
0            518   6.56477e-261
0            519   1.44094e-262
0            520   3.41331e-264
0            521   8.76983e-266
0            522   2.41156e-267
0            523   7.22014e-269
0            524   2.32323e-270
0            525   8.06802e-272
0            526   3.00358e-273
0            527   1.22012e-274
0            528   5.29699e-276
0            529   2.48779e-277
0            530   1.25368e-278
0            531   6.81576e-280
0            532   3.99485e-281
0            533   2.52113e-282
0            534   1.70021e-283
0            535    1.2403e-284
0            536   9.71515e-286
0            537   8.11944e-287
0            538   7.31824e-288
0            539   7.07862e-289
0            540   7.39954e-290
0            541   8.28662e-291
0            542   9.96543e-292
0            543   1.28739e-292
0            544   1.80111e-293
0            545     0.00477364
0            546     0.00476172
0            547     0.00466924
0            548     0.00439013
0            549     0.00341834
0            550      0.0017794
0            551    0.000541529
0            552    0.000149946
0            553     3.9951e-05
0            554    1.06725e-10
0            555    1.34488e-10
0            556    1.55477e-10
0            557    1.77612e-10
0            558    1.64271e-10
0            559     1.8997e-10
0            560    4.99213e-11
0            561    2.36677e-11
0            562    9.17239e-12
0            563    8.93795e-21
0            564    1.26454e-20
0            565    1.72329e-20
0            566    3.11528e-20
0            567    4.52977e-20
0            568    1.24047e-19
0            569    4.67694e-20
0            570     2.4385e-20
0            571    8.69441e-21
0            572    1.09676e-31
0            573    1.53716e-31
0            574    2.21297e-31
0            575    1.16345e-30
0            576     2.1516e-30
0            577    4.21201e-30
0            578    6.77283e-30
0            579    5.57527e-30
0            580     1.4363e-30
0            581    6.26932e-42
0            582    8.96021e-42
0            583    1.23019e-41
0            584    6.37999e-41
0            585    1.21577e-40
0            586    2.80188e-40
0            587    4.87766e-40
0            588    3.10378e-40
0            589    3.83688e-40
0            590    2.62002e-50
0            591    3.92978e-50
0            592    5.23555e-50
0            593     9.4667e-50
0            594    1.17781e-49
0            595    3.59009e-49
0            596    3.46755e-49
0            597    2.56398e-49
0            598    6.20227e-49
