0              0    8.67368e-38
0              1    2.34961e-35
0              2     7.0523e-33
0              3    2.71717e-30
0              4    1.27614e-27
0              5     5.5404e-25
0              6    2.03146e-22
0              7    5.72806e-20
0              8    1.18928e-17
0              9    1.89109e-15
0             10    2.24298e-13
0             11    1.96588e-11
0             12     1.2956e-09
0             13    6.30552e-08
0             14    2.24188e-06
0             15    5.96863e-05
0             16     0.00115436
0             17      0.0160849
0             18       0.164725
0             19        1.23751
0             20        6.91369
0             21        28.3648
0             22        85.5885
0             23        190.784
0             24        309.739
0             25        368.574
0             26          320.3
0             27        203.465
0             28        94.4436
0             29        32.2077
0             30        8.02549
0             31        1.45905
0             32       0.193997
0             33      0.0182661
0             34     0.00120534
0             35    5.60678e-05
0             36    1.82389e-06
0             37    4.20835e-08
0             38     7.1081e-10
0             39    8.63768e-12
0             40    7.81991e-14
0             41    5.62642e-16
0             42    3.18733e-18
0             43    1.47799e-20
0             44    5.64711e-23
0             45    1.93542e-25
0             46      5.971e-28
0             47      1.678e-30
0             48    4.74752e-33
0             49    1.34359e-35
0             50    3.62245e-38
0             51    8.63199e-41
0             52    1.90379e-43
0             53    3.82668e-46
0             54    6.74314e-49
0             55    1.08328e-51
0             56    1.58902e-54
0             57    2.14278e-57
0             58    2.78646e-60
0             59    3.51155e-63
0             60    4.13166e-66
0             61    4.75906e-69
0             62    5.65621e-72
0             63    6.65583e-75
0             64    8.17358e-78
0             65    1.00157e-80
0             66    1.29107e-83
0             67    1.85004e-86
0             68    2.66676e-89
0             69     4.3087e-92
0             70    7.80753e-95
0             71    1.50921e-97
0             72   3.29727e-100
0             73   8.12692e-103
0             74   2.26957e-105
0             75   7.14443e-108
0             76   2.54457e-110
0             77   1.09056e-112
0             78   5.27907e-115
0             79   3.04346e-117
0             80   2.10181e-119
0             81   1.63979e-121
0             82   1.52408e-123
0             83    1.7012e-125
0             84   2.12344e-127
0             85   3.29644e-129
0             86   6.15649e-131
0             87   1.28562e-132
0             88   3.33502e-134
0             89   1.01013e-135
0             90   3.68145e-137
0             91     2.5512e-67
0             92    2.31318e-62
0             93    1.54907e-57
0             94    7.34862e-53
0             95    2.62961e-48
0             96    6.88256e-44
0             97    1.40211e-39
0             98    2.04045e-35
0             99    2.07257e-31
0            100    1.43657e-27
0            101    6.56387e-24
0            102    1.90223e-20
0            103    3.29976e-17
0            104    3.24203e-14
0            105    1.72424e-11
0            106    4.80024e-09
0            107    6.99642e-07
0            108    5.25364e-05
0            109     0.00203673
0            110      0.0427837
0            111       0.523386
0            112        3.98861
0            113          19.66
0            114        62.2234
0            115        126.525
0            116        162.688
0            117        132.358
0            118        68.3846
0            119        22.5658
0            120        4.77475
0            121       0.647311
0            122      0.0547179
0            123     0.00271705
0            124    7.54256e-05
0            125    1.12948e-06
0            126    8.86331e-09
0            127    3.59115e-11
0            128    7.49365e-14
0            129    8.24243e-17
0            130    4.91199e-20
0            131    1.65536e-23
0            132    3.59784e-27
0            133    5.20762e-31
0            134    5.38842e-35
0            135    3.70282e-39
0            136    1.70046e-43
0            137    5.15291e-48
0            138    1.04181e-52
0            139    1.57039e-57
0            140    1.75501e-62
0            141    1.84369e-67
0            142    1.86836e-72
0            143    1.92455e-77
0            144    1.85164e-82
0            145    1.54892e-87
0            146     1.1323e-92
0            147    7.15519e-98
0            148   4.08915e-103
0            149    2.0323e-108
0            150   9.66718e-114
0            151   4.42279e-119
0            152   1.97246e-124
0            153   8.62848e-130
0            154   3.90397e-135
0            155    1.8434e-140
0            156   9.58819e-146
0            157   5.53271e-151
0            158   3.40358e-156
0            159   2.59835e-161
0            160   2.26273e-166
0            161   2.39964e-171
0            162   3.18667e-176
0            163   5.79046e-181
0            164       1.5e-185
0            165   5.61063e-190
0            166   2.96327e-194
0            167   2.21331e-198
0            168   2.14024e-202
0            169   2.85921e-206
0            170   4.78569e-210
0            171    1.0823e-213
0            172   3.15203e-217
0            173    1.2294e-220
0            174    6.4343e-224
0            175   4.48636e-227
0            176    3.9437e-230
0            177   4.65167e-233
0            178   7.46384e-236
0            179   1.52959e-238
0            180    4.2381e-241
0            181   1.54532e-243
0            182   5.29861e-114
0            183   4.24923e-105
0            184    3.08059e-96
0            185    1.72184e-87
0            186    5.35422e-79
0            187    8.33549e-71
0            188     5.4732e-63
0            189    1.43073e-55
0            190    1.42827e-48
0            191    4.93274e-42
0            192    5.93981e-36
0            193    2.45571e-30
0            194    3.53351e-25
0            195    1.76701e-20
0            196    3.00632e-16
0            197    1.51799e-12
0            198    2.01353e-09
0            199    6.67027e-07
0            200    5.83875e-05
0            201     0.00184315
0            202      0.0355352
0            203       0.465521
0            204        3.66271
0            205        16.5596
0            206        41.5173
0            207         57.833
0            208        44.5742
0            209        18.8679
0            210        4.40806
0            211       0.572737
0            212      0.0375639
0            213    0.000941513
0            214    7.03307e-06
0            215    1.38904e-08
0            216    6.83581e-12
0            217      8.614e-16
0            218    2.97631e-20
0            219      3.195e-25
0            220    1.26685e-30
0            221    2.49998e-36
0            222    2.56778e-42
0            223    1.16049e-48
0            224    2.21897e-55
0            225    1.71198e-62
0            226    5.86956e-70
0            227    9.23132e-78
0            228    6.85966e-86
0            229    2.50188e-94
0            230   4.48248e-103
0            231   4.39541e-112
0            232   2.29733e-121
0            233   7.64734e-131
0            234   2.00907e-140
0            235   5.56747e-150
0            236   1.71026e-159
0            237   4.40394e-169
0            238    8.8433e-179
0            239   1.41645e-188
0            240   1.97006e-198
0            241   2.33833e-208
0            242   2.49988e-218
0            243   2.66554e-228
0            244   2.75803e-238
0            245    3.0661e-248
0            246   3.86803e-258
0            247   5.38914e-268
0            248   9.16359e-278
0            249   2.01136e-287
0            250   5.50886e-297
0            251   2.07347e-306
0            252              0
0            253              0
0            254              0
0            255              0
0            256              0
0            257              0
0            258              0
0            259              0
0            260              0
0            261              0
0            262              0
0            263              0
0            264              0
0            265              0
0            266              0
0            267              0
0            268              0
0            269              0
0            270              0
0            271              0
0            272              0
0            273   3.30214e-221
0            274   7.90848e-204
0            275   5.85691e-187
0            276   1.23667e-170
0            277   6.62422e-155
0            278   8.22586e-140
0            279   2.10823e-125
0            280   1.07475e-111
0            281    1.01857e-98
0            282    3.99401e-86
0            283    1.24504e-73
0            284    6.75484e-62
0            285    3.91129e-51
0            286    2.17326e-41
0            287    1.04043e-32
0            288    4.25062e-25
0            289    1.66504e-18
0            290    6.27513e-13
0            291    1.64839e-08
0            292    2.44728e-05
0            293     0.00256321
0            294      0.0564512
0            295        0.66078
0            296        4.08386
0            297        12.2445
0            298        18.0707
0            299        13.1402
0            300        4.73957
0            301       0.820182
0            302      0.0684352
0            303     0.00413467
0            304    6.46023e-05
0            305    6.50433e-08
0            306    3.09196e-12
0            307    7.12315e-18
0            308    8.78463e-25
0            309    6.94425e-33
0            310    4.89522e-42
0            311    6.79142e-52
0            312    2.05507e-62
0            313      1.038e-73
0            314    1.28672e-85
0            315    4.42091e-98
0            316   2.84448e-111
0            317   3.17043e-125
0            318   6.51735e-140
0            319   3.01933e-155
0            320    5.3761e-171
0            321   5.34456e-187
0            322   2.07466e-203
0            323    2.6338e-220
0            324    1.1427e-237
0            325   1.77452e-255
0            326    1.1748e-273
0            327   3.34218e-292
0            328              0
0            329              0
0            330              0
0            331              0
0            332              0
0            333              0
0            334              0
0            335              0
0            336              0
0            337              0
0            338              0
0            339              0
0            340              0
0            341              0
0            342              0
0            343              0
0            344              0
0            345              0
0            346              0
0            347              0
0            348              0
0            349              0
0            350              0
0            351              0
0            352              0
0            353              0
0            354              0
0            355              0
0            356              0
0            357              0
0            358              0
0            359              0
0            360              0
0            361              0
0            362              0
0            363              0
0            364              0
0            365              0
0            366              0
0            367              0
0            368              0
0            369              0
0            370              0
0            371   3.39031e-294
0            372   5.98884e-279
0            373   4.96423e-264
0            374    1.8855e-249
0            375   3.27633e-235
0            376   2.45958e-221
0            377   7.97234e-208
0            378   1.10144e-194
0            379   6.27985e-182
0            380   1.41967e-169
0            381    1.2943e-157
0            382   4.45944e-146
0            383   6.00727e-135
0            384    3.0442e-124
0            385   5.53405e-114
0            386   3.71123e-104
0            387    8.71756e-95
0            388    7.25261e-86
0            389    2.06576e-77
0            390    2.03588e-69
0            391    6.71587e-62
0            392    8.31961e-55
0            393    6.40413e-48
0            394    4.15229e-41
0            395    1.04662e-34
0            396    7.19033e-29
0            397    1.25261e-23
0            398     5.4791e-19
0            399    5.92983e-15
0            400    1.57002e-11
0            401    1.00744e-08
0            402    1.58107e-06
0            403    6.15692e-05
0            404    0.000654736
0            405     0.00275153
0            406     0.00942933
0            407      0.0364211
0            408       0.130078
0            409       0.391157
0            410       0.978898
0            411        2.02155
0            412        3.41825
0            413        4.72358
0            414        5.29359
0            415         4.8687
0            416        3.68604
0            417         2.3099
0            418        1.18253
0            419       0.493857
0            420       0.165253
0            421      0.0407456
0            422     0.00733375
0            423     0.00116726
0            424    0.000139783
0            425     7.0196e-06
0            426    1.11152e-07
0            427    5.45187e-10
0            428     9.6126e-13
0            429    6.56312e-16
0            430    1.56114e-19
0            431    1.12231e-23
0            432    2.34793e-28
0            433     1.3915e-33
0            434     2.4015e-39
0            435    1.18395e-45
0            436    1.71809e-52
0            437    7.49436e-60
0            438    9.65561e-68
0            439    3.82797e-76
0            440    4.62409e-85
0            441    1.74824e-94
0            442   2.11991e-104
0            443   8.33121e-115
0            444   1.06423e-125
0            445   4.60266e-137
0            446   6.76859e-149
0            447    3.4612e-161
0            448    6.1951e-174
0            449   4.06495e-187
0            450    1.0444e-200
0            451   1.27891e-214
0            452     1.998e-228
0            453   3.40612e-242
0            454    2.9613e-256
0            455   1.14621e-270
0            456    1.9852e-285
0            457   1.58679e-300
0            458              0
0            459              0
0            460              0
0            461              0
0            462              0
0            463              0
0            464              0
0            465              0
0            466              0
0            467              0
0            468              0
0            469              0
0            470              0
0            471              0
0            472              0
0            473              0
0            474              0
0            475              0
0            476              0
0            477              0
0            478              0
0            479              0
0            480              0
0            481              0
0            482              0
0            483              0
0            484              0
0            485              0
0            486              0
0            487              0
0            488              0
0            489              0
0            490              0
0            491              0
0            492              0
0            493              0
0            494              0
0            495              0
0            496              0
0            497              0
0            498              0
0            499              0
0            500              0
0            501              0
0            502              0
0            503              0
0            504              0
0            505              0
0            506              0
0            507              0
0            508              0
0            509              0
0            510              0
0            511              0
0            512              0
0            513              0
0            514              0
0            515              0
0            516              0
0            517              0
0            518              0
0            519              0
0            520              0
0            521              0
0            522              0
0            523              0
0            524              0
0            525              0
0            526              0
0            527              0
0            528              0
0            529              0
0            530              0
0            531              0
0            532              0
0            533              0
0            534              0
0            535              0
0            536              0
0            537              0
0            538              0
0            539              0
0            540              0
0            541              0
0            542              0
0            543              0
0            544              0
0            545        47.3253
0            546        45.4014
0            547        41.4864
0            548        30.0196
0            549        11.7269
0            550        1.38389
0            551      0.0814127
0            552     0.00662441
0            553    5.84891e-16
0            554      1.084e-07
0            555    1.01337e-07
0            556    1.09152e-07
0            557    9.24309e-08
0            558    3.18392e-08
0            559    1.87153e-09
0            560    2.45639e-11
0            561    3.98513e-13
0            562    1.69358e-27
0            563    2.46661e-29
0            564    3.81487e-29
0            565    4.58134e-29
0            566    4.40768e-29
0            567    4.91974e-29
0            568    1.95648e-31
0            569    1.41027e-32
0            570    2.95497e-36
0            571    9.21022e-52
0            572    4.08829e-61
0            573    3.44227e-60
0            574    5.33975e-60
0            575    8.98129e-60
0            576      1.399e-59
0            577    2.75765e-61
0            578    3.12482e-62
0            579    4.34047e-69
0            580    8.68171e-86
0            581    9.10087e-98
0            582    6.76407e-97
0            583    2.84267e-95
0            584    3.89096e-94
0            585    3.53177e-96
0            586    3.06783e-97
0            587     5.8253e-98
0            588   4.77908e-106
0            589   2.19856e-122
0            590   3.41192e-136
0            591    4.2868e-135
0            592   1.81323e-132
0            593   2.56046e-131
0            594   3.29042e-133
0            595   1.02006e-135
0            596    7.5219e-137
0            597    1.3562e-145
0            598   9.23511e-160
