0              0    7.65849e-19
0              1    1.82718e-17
0              2    4.42254e-16
0              3    1.03485e-14
0              4    2.32091e-13
0              5    4.83662e-12
0              6    9.41479e-11
0              7    1.64589e-09
0              8    2.52382e-08
0              9    3.44819e-07
0             10    4.13072e-06
0             11    4.31078e-05
0             12    0.000394474
0             13     0.00312468
0             14       0.021212
0             15       0.124449
0             16       0.617557
0             17        2.56518
0             18        8.95818
0             19        26.1141
0             20        63.7003
0             21        128.835
0             22        216.078
0             23        300.898
0             24        345.795
0             25        328.881
0             26        258.469
0             27        168.341
0             28        90.8504
0             29        40.7975
0             30        15.2105
0             31        4.73526
0             32        1.24718
0             33       0.275529
0             34      0.0511932
0             35     0.00804751
0             36     0.00106217
0             37    0.000118135
0             38    1.12409e-05
0             39    9.07101e-07
0             40    6.36731e-08
0             41    4.06432e-09
0             42    2.36192e-10
0             43    1.27875e-11
0             44    6.43726e-13
0             45    3.10767e-14
0             46    1.40712e-15
0             47    5.83392e-17
0             48    2.28807e-18
0             49    8.50752e-20
0             50    2.97348e-21
0             51    9.60136e-23
0             52      2.997e-24
0             53    9.00931e-26
0             54    2.57045e-27
0             55    7.15321e-29
0             56    1.95092e-30
0             57    5.28019e-32
0             58     1.4683e-33
0             59    4.23865e-35
0             60    1.25608e-36
0             61    3.93638e-38
0             62    1.33837e-39
0             63    4.81092e-41
0             64    1.86053e-42
0             65    7.52518e-44
0             66    3.24733e-45
0             67    1.52148e-46
0             68    7.38926e-48
0             69    3.90141e-49
0             70     2.2231e-50
0             71    1.33736e-51
0             72    8.67798e-53
0             73    6.02909e-54
0             74    4.48138e-55
0             75    3.53479e-56
0             76    2.95849e-57
0             77    2.68747e-58
0             78    2.57425e-59
0             79    2.64831e-60
0             80    2.93355e-61
0             81    3.41761e-62
0             82    4.26914e-63
0             83    5.74197e-64
0             84    8.07439e-65
0             85    1.23581e-65
0             86     2.0393e-66
0             87    3.52174e-67
0             88    6.62641e-68
0             89    1.32673e-68
0             90    2.86815e-69
0             91    6.58656e-31
0             92     1.2825e-28
0             93    2.26686e-26
0             94    3.51386e-24
0             95    4.83337e-22
0             96    5.70072e-20
0             97    5.89477e-18
0             98    5.18995e-16
0             99     3.8969e-14
0            100    2.46908e-12
0            101    1.28768e-10
0            102    5.42011e-09
0            103    1.80266e-07
0            104    4.63482e-06
0            105    8.98646e-05
0            106     0.00129209
0            107      0.0139037
0            108       0.113076
0            109       0.703141
0            110        3.37285
0            111         12.419
0            112        34.8054
0            113        74.0242
0            114        118.862
0            115        144.961
0            116        134.135
0            117        94.3348
0            118        50.5391
0            119        20.7233
0            120          6.521
0            121        1.57796
0            122       0.293139
0            123      0.0414141
0            124     0.00445182
0            125    0.000365959
0            126    2.31215e-05
0            127    1.13366e-06
0            128    4.35574e-08
0            129    1.32406e-09
0            130    3.16592e-11
0            131    5.87318e-13
0            132    8.65119e-15
0            133    9.99381e-17
0            134    9.46296e-19
0            135    7.42715e-21
0            136    5.13642e-23
0            137    3.28854e-25
0            138    2.03929e-27
0            139    1.28492e-29
0            140    7.76625e-32
0            141    4.55005e-34
0            142    2.42363e-36
0            143     1.1883e-38
0            144    5.34314e-41
0            145    2.20512e-43
0            146     8.5375e-46
0            147    3.12094e-48
0            148    1.10973e-50
0            149    3.80747e-53
0            150    1.33166e-55
0            151    4.81947e-58
0            152    1.83574e-60
0            153    7.43418e-63
0            154     3.2761e-65
0            155    1.56619e-67
0            156    8.22224e-70
0            157    4.70157e-72
0            158    2.85152e-74
0            159    1.93873e-76
0            160    1.41467e-78
0            161    1.12986e-80
0            162    9.86473e-83
0            163    9.60418e-85
0            164    1.04349e-86
0            165    1.26461e-88
0            166    1.71089e-90
0            167    2.63533e-92
0            168    4.51706e-94
0            169    8.95557e-96
0            170    1.97436e-97
0            171    5.01344e-99
0            172    1.4347e-100
0            173   4.70308e-102
0            174   1.76488e-103
0            175   7.54729e-105
0            176   3.58596e-106
0            177   1.94301e-107
0            178   1.20679e-108
0            179   8.35042e-110
0            180   6.59444e-111
0            181   5.86847e-112
0            182    5.84669e-49
0            183    5.60125e-45
0            184    4.18506e-41
0            185    2.29235e-37
0            186    8.76574e-34
0            187    2.37583e-30
0            188    4.39131e-27
0            189     5.5121e-24
0            190    4.68115e-21
0            191    2.60966e-18
0            192    9.66468e-16
0            193    2.36516e-13
0            194      3.796e-11
0            195    3.91492e-09
0            196    2.58774e-07
0            197    1.07713e-05
0            198    0.000280416
0            199     0.00462418
0            200      0.0497635
0            201        0.36611
0            202        1.94199
0            203        7.46774
0            204        20.3391
0            205        38.6807
0            206        50.7687
0            207         45.733
0            208        28.3205
0            209        12.1335
0            210        3.59452
0            211       0.735317
0            212       0.101738
0            213     0.00905734
0            214    0.000501474
0            215    1.79807e-05
0            216    4.50501e-07
0            217    7.81396e-09
0            218     8.3522e-11
0            219    5.05565e-13
0            220    1.66093e-15
0            221    3.02647e-18
0            222    3.10895e-21
0            223     1.8811e-24
0            224    7.86535e-28
0            225    3.01795e-31
0            226    1.44083e-34
0            227    7.57969e-38
0            228    3.64723e-41
0            229    1.48677e-44
0            230    4.90447e-48
0            231    1.32578e-51
0            232    2.84087e-55
0            233    5.00604e-59
0            234    7.29118e-63
0            235     8.8356e-67
0            236    9.35184e-71
0            237    8.60572e-75
0            238    7.04927e-79
0            239    5.26623e-83
0            240    3.73146e-87
0            241    2.49152e-91
0            242    1.60429e-95
0            243    1.04107e-99
0            244   6.73588e-104
0            245   4.55107e-108
0            246   3.30516e-112
0            247   2.58563e-116
0            248   2.33806e-120
0            249    2.6345e-124
0            250   3.91244e-128
0            251   8.31132e-132
0            252   2.45866e-135
0            253   9.61891e-139
0            254   4.70695e-142
0            255   2.78405e-145
0            256   2.02519e-148
0            257   1.77395e-151
0            258   1.92073e-154
0            259   2.53105e-157
0            260   4.12591e-160
0            261    8.2791e-163
0            262   2.08559e-165
0            263   6.60388e-168
0            264   2.63069e-170
0            265   1.30873e-172
0            266   8.30112e-175
0            267    6.6599e-177
0            268   6.68923e-179
0            269   8.42164e-181
0            270   1.30304e-182
0            271   2.48378e-184
0            272   5.87153e-186
0            273    3.08154e-84
0            274    1.30481e-77
0            275    8.20835e-71
0            276    3.84595e-64
0            277    9.87385e-58
0            278    1.26449e-51
0            279     7.6493e-46
0            280     2.1773e-40
0            281    2.86415e-35
0            282    1.83674e-30
0            283    6.10889e-26
0            284    1.12098e-21
0            285    1.05093e-17
0            286    4.31908e-14
0            287    6.56364e-11
0            288    3.29978e-08
0            289    5.22529e-06
0            290    0.000262433
0            291     0.00464244
0            292       0.040709
0            293       0.279938
0            294        1.52783
0            295        5.42502
0            296        11.8478
0            297        16.2093
0            298        13.9438
0            299        7.56601
0            300        2.56993
0            301       0.556121
0            302      0.0778971
0            303     0.00783974
0            304    0.000576267
0            305     1.9888e-05
0            306    2.71967e-07
0            307    1.56797e-09
0            308    3.88776e-12
0            309    3.97448e-15
0            310    1.58589e-18
0            311    2.44971e-22
0            312     1.4562e-26
0            313     3.4451e-31
0            314    3.28094e-36
0            315    1.30858e-41
0            316    2.26098e-47
0            317     1.7764e-53
0            318    6.81206e-60
0            319     1.8016e-66
0            320    7.97458e-73
0            321    4.47935e-79
0            322    1.77541e-85
0            323    4.65197e-92
0            324    8.29441e-99
0            325   1.02762e-105
0            326   9.47575e-113
0            327   6.51537e-120
0            328   3.58827e-127
0            329   1.64147e-134
0            330   6.40943e-142
0            331   2.22633e-149
0            332   7.47064e-157
0            333   2.67109e-164
0            334   1.20567e-171
0            335   8.12908e-179
0            336   8.17364e-186
0            337   1.10538e-192
0            338   1.92553e-199
0            339   4.37887e-206
0            340   1.22823e-212
0            341    4.1586e-219
0            342   1.75433e-225
0            343   9.40342e-232
0            344   7.04997e-238
0            345   8.36425e-244
0            346   1.83233e-249
0            347   7.50062e-255
0            348   5.51941e-260
0            349   7.01068e-265
0            350   1.40709e-269
0            351   4.09739e-274
0            352   1.66122e-278
0            353   9.00474e-283
0            354   6.67976e-287
0            355   6.64226e-291
0            356    8.8868e-295
0            357   1.62094e-298
0            358   4.05286e-302
0            359   1.36026e-305
0            360              0
0            361              0
0            362              0
0            363              0
0            364   2.72418e-138
0            365   2.91251e-132
0            366   3.14233e-126
0            367   2.75792e-120
0            368   1.89405e-114
0            369   9.89402e-109
0            370   3.99965e-103
0            371    1.22691e-97
0            372    2.80702e-92
0            373    4.76251e-87
0            374    5.94329e-82
0            375    5.45291e-77
0            376    3.60231e-72
0            377    1.71343e-67
0            378     5.8403e-63
0            379    1.41053e-58
0            380    2.37988e-54
0            381    2.82164e-50
0            382    2.29781e-46
0            383    1.30128e-42
0            384     5.0513e-39
0            385    1.32376e-35
0            386    2.36165e-32
0            387     2.8231e-29
0            388    2.26558e-26
0            389    1.20866e-23
0            390    4.29712e-21
0            391    1.00531e-18
0            392    1.55649e-16
0            393    1.58454e-14
0            394    1.07141e-12
0            395    4.91071e-11
0            396     1.5947e-09
0            397    3.89904e-08
0            398    7.46646e-07
0            399     1.0867e-05
0            400     0.00011271
0            401    0.000801168
0            402     0.00398368
0            403      0.0149162
0            404      0.0466934
0            405       0.131319
0            406       0.329273
0            407        0.71655
0            408        1.35521
0            409        2.26398
0            410          3.347
0            411        4.32827
0            412        4.85826
0            413        4.74784
0            414        4.06677
0            415        3.06314
0            416        2.02866
0            417        1.18428
0            418       0.614309
0            419       0.282745
0            420       0.113197
0            421      0.0389244
0            422      0.0117993
0            423     0.00307946
0            424     0.00060055
0            425    7.56124e-05
0            426    5.76095e-06
0            427    2.73576e-07
0            428    9.36508e-09
0            429    2.70244e-10
0            430    6.46686e-12
0            431    1.11356e-13
0            432    1.27342e-15
0            433    9.35751e-18
0            434     4.4298e-20
0            435    1.33897e-22
0            436    2.61097e-25
0            437    3.31524e-28
0            438    2.71837e-31
0            439    1.46355e-34
0            440    5.15223e-38
0            441    1.19883e-41
0            442    1.86102e-45
0            443    1.93524e-49
0            444    1.34898e-53
0            445    6.40829e-58
0            446    2.07712e-62
0            447    4.63042e-67
0            448    7.12507e-72
0            449    7.69118e-77
0            450    5.92402e-82
0            451    3.20673e-87
0            452    1.24629e-92
0            453     3.4954e-98
0            454   7.20678e-104
0            455   1.09508e-109
0            456   1.24442e-115
0            457   1.10018e-121
0            458   8.71535e-128
0            459   9.24201e-134
0            460   1.51756e-139
0            461   2.77961e-145
0            462   5.01581e-151
0            463   9.67803e-157
0            464    2.2504e-162
0            465   5.89926e-168
0            466   1.52672e-173
0            467   3.61482e-179
0            468   7.63045e-185
0            469   1.44268e-190
0            470   2.46754e-196
0            471   3.79565e-202
0            472   5.36398e-208
0            473   6.94673e-214
0            474   8.23327e-220
0            475    9.2744e-226
0            476   9.62409e-232
0            477   9.68284e-238
0            478    9.1197e-244
0            479   8.37347e-250
0            480   7.33526e-256
0            481   6.37061e-262
0            482   5.37305e-268
0            483   4.51462e-274
0            484   3.79581e-280
0            485   3.19814e-286
0            486   2.70379e-292
0            487   2.36152e-298
0            488   2.10961e-304
0            489              0
0            490              0
0            491              0
0            492              0
0            493              0
0            494              0
0            495              0
0            496              0
0            497              0
0            498              0
0            499              0
0            500              0
0            501              0
0            502              0
0            503              0
0            504              0
0            505              0
0            506              0
0            507              0
0            508              0
0            509              0
0            510              0
0            511              0
0            512              0
0            513              0
0            514              0
0            515              0
0            516              0
0            517              0
0            518              0
0            519              0
0            520              0
0            521              0
0            522              0
0            523              0
0            524              0
0            525              0
0            526              0
0            527              0
0            528              0
0            529              0
0            530              0
0            531              0
0            532              0
0            533              0
0            534              0
0            535              0
0            536              0
0            537              0
0            538              0
0            539              0
0            540              0
0            541              0
0            542              0
0            543              0
0            544              0
0            545        36.1823
0            546        35.3301
0            547        33.4217
0            548        26.9112
0            549        14.1017
0            550         3.9566
0            551         0.7582
0            552       0.105051
0            553     0.00596271
0            554    9.28186e-05
0            555    8.96014e-05
0            556    9.52837e-05
0            557    0.000121557
0            558     8.0837e-05
0            559    2.92086e-05
0            560    9.24912e-06
0            561    1.12085e-06
0            562    2.18377e-08
0            563    5.45023e-16
0            564    4.94029e-16
0            565    9.62249e-16
0            566    2.55602e-15
0            567    3.78873e-15
0            568    1.01857e-15
0            569    1.57033e-15
0            570    3.95886e-17
0            571    2.10082e-19
0            572    1.76661e-31
0            573    4.67585e-31
0            574    9.99849e-31
0            575    1.64481e-30
0            576    9.47014e-30
0            577    2.74871e-30
0            578    9.22902e-29
0            579     2.3042e-31
0            580    3.43738e-33
0            581    3.18774e-49
0            582    1.89113e-47
0            583    5.14915e-47
0            584    1.24474e-46
0            585     2.6841e-46
0            586    5.69661e-46
0            587    5.17307e-45
0            588      1.163e-46
0            589    1.89656e-47
0            590    1.16451e-65
0            591    8.13478e-65
0            592    4.86948e-64
0            593    3.76375e-63
0            594     6.5698e-62
0            595    5.60988e-62
0            596    4.83059e-62
0            597    4.46157e-62
0            598    2.46593e-62
