0              0    1.86085e-48
0              1     3.2592e-47
0              2    6.03456e-46
0              3    1.14859e-44
0              4    2.29218e-43
0              5    4.70312e-42
0              6    1.02942e-40
0              7    2.38631e-39
0              8    5.72496e-38
0              9    1.46745e-36
0             10    3.95346e-35
0             11     1.0958e-33
0             12    3.15662e-32
0             13     9.2727e-31
0             14    2.72238e-29
0             15    8.21899e-28
0             16    2.47865e-26
0             17    7.40252e-25
0             18    2.22753e-23
0             19    6.70265e-22
0             20    2.04045e-20
0             21    6.07131e-19
0             22    1.76061e-17
0             23    5.00579e-16
0             24      1.305e-14
0             25     3.2018e-13
0             26    7.27913e-12
0             27    1.49169e-10
0             28    2.79722e-09
0             29    4.71594e-08
0             30    7.22972e-07
0             31    9.85858e-06
0             32    0.000116399
0             33     0.00120005
0             34      0.0106371
0             35      0.0792877
0             36       0.493731
0             37        2.53891
0             38        10.6073
0             39        36.0702
0             40        98.7479
0             41        214.282
0             42        369.092
0             43        502.255
0             44        537.826
0             45        453.084
0             46        300.961
0             47         157.21
0             48        65.2109
0             49        21.6185
0             50        5.77017
0             51        1.23693
0             52       0.217994
0             53      0.0319873
0             54     0.00389527
0             55     0.00040196
0             56    3.56256e-05
0             57    2.73238e-06
0             58    1.85718e-07
0             59    1.13314e-08
0             60    6.11563e-10
0             61    2.99441e-11
0             62    1.35991e-12
0             63    5.66086e-14
0             64    2.21051e-15
0             65    8.00039e-17
0             66     2.7729e-18
0             67    9.37142e-20
0             68    2.99273e-21
0             69    9.60618e-23
0             70    3.05559e-24
0             71    9.55984e-26
0             72    3.03176e-27
0             73    9.64172e-29
0             74    3.10799e-30
0             75    1.00411e-31
0             76    3.29197e-33
0             77    1.13091e-34
0             78    3.95154e-36
0             79    1.42881e-37
0             80    5.40604e-39
0             81     2.0979e-40
0             82    8.47055e-42
0             83    3.59713e-43
0             84    1.55291e-44
0             85    7.02992e-46
0             86    3.37391e-47
0             87    1.66206e-48
0             88    8.68028e-50
0             89    4.72317e-51
0             90    2.76336e-52
0             91     2.0487e-79
0             92    2.31004e-77
0             93    2.85657e-75
0             94    3.83154e-73
0             95       5.59e-71
0             96    8.73533e-69
0             97    1.47859e-66
0             98    2.60747e-64
0             99    4.86333e-62
0            100    9.67447e-60
0            101    2.05976e-57
0            102    4.71841e-55
0            103    1.17945e-52
0            104    3.14973e-50
0            105    8.85969e-48
0            106    2.49142e-45
0            107    6.99728e-43
0            108    1.93617e-40
0            109    5.32478e-38
0            110    1.49435e-35
0            111    4.28521e-33
0            112    1.20659e-30
0            113     3.2039e-28
0            114    7.40205e-26
0            115    1.50858e-23
0            116    2.52763e-21
0            117    3.49974e-19
0            118    3.95468e-17
0            119    3.57382e-15
0            120    2.56311e-13
0            121    1.43261e-11
0            122    6.22792e-10
0            123    2.14218e-08
0            124     5.9659e-07
0            125    1.37123e-05
0            126    0.000263989
0            127     0.00414029
0            128      0.0508968
0            129       0.471099
0            130        3.20109
0            131        15.6387
0            132        53.5204
0            133        127.436
0            134        207.608
0            135        230.914
0            136        174.884
0            137        90.5556
0            138        32.2751
0            139        8.05965
0            140        1.41746
0            141       0.180809
0            142      0.0168175
0            143     0.00117835
0            144    6.33976e-05
0            145    2.66152e-06
0            146    8.91097e-08
0            147    2.41376e-09
0            148    5.39542e-11
0            149    9.98117e-13
0            150    1.55131e-14
0            151    2.02254e-16
0            152    2.17683e-18
0            153    1.92295e-20
0            154    1.40767e-22
0            155    8.56375e-25
0            156    4.43029e-27
0            157     1.9887e-29
0            158    7.77761e-32
0            159    2.86994e-34
0            160    9.82401e-37
0            161    3.32437e-39
0            162    1.12328e-41
0            163    3.87047e-44
0            164     1.3692e-46
0            165    4.96378e-49
0            166    1.86144e-51
0            167    7.33816e-54
0            168    2.98941e-56
0            169    1.29082e-58
0            170    5.81143e-61
0            171    2.76299e-63
0            172     1.3725e-65
0            173    7.19264e-68
0            174    4.00591e-70
0            175     2.3649e-72
0            176    1.45585e-74
0            177    9.71058e-77
0            178    6.94997e-79
0            179    5.39267e-81
0            180    4.56276e-83
0            181    4.27203e-85
0            182   2.30136e-132
0            183   8.48732e-129
0            184   3.47944e-125
0            185   1.56916e-121
0            186   7.54602e-118
0            187   3.97498e-114
0            188   2.24277e-110
0            189   1.37882e-106
0            190   9.45738e-103
0            191     7.1231e-99
0            192    6.05475e-95
0            193    5.78215e-91
0            194    6.15204e-87
0            195    7.11941e-83
0            196    9.09212e-79
0            197    1.23396e-74
0            198    1.69528e-70
0            199    2.19744e-66
0            200     2.5616e-62
0            201    2.53251e-58
0            202     2.1174e-54
0            203    1.48145e-50
0            204    8.65899e-47
0            205    4.32483e-43
0            206     1.7807e-39
0            207    5.96007e-36
0            208    1.53828e-32
0            209    2.91078e-29
0            210    4.02284e-26
0            211    4.01106e-23
0            212    2.93499e-20
0            213    1.65585e-17
0            214    7.24333e-15
0            215    2.30966e-12
0            216    4.97502e-10
0            217    6.69279e-08
0            218    5.43903e-06
0            219    0.000264472
0            220     0.00780793
0            221       0.139523
0            222        1.50709
0            223        9.63362
0            224        35.3003
0            225        73.2131
0            226        85.0974
0            227        55.5667
0            228        20.5425
0            229        4.36513
0            230       0.544614
0            231      0.0416509
0            232     0.00199828
0            233     6.0664e-05
0            234    1.12305e-06
0            235    1.22568e-08
0            236    8.05015e-11
0            237    3.26433e-13
0            238    8.59175e-16
0            239    1.52063e-18
0            240     1.8596e-21
0            241    1.57151e-24
0            242    9.63564e-28
0            243    4.59918e-31
0            244    1.75151e-34
0            245    5.28636e-38
0            246    1.25636e-41
0            247    2.36666e-45
0            248    3.95625e-49
0            249    6.97784e-53
0            250    1.42318e-56
0            251    3.26834e-60
0            252    7.41721e-64
0            253    1.55977e-67
0            254     2.9706e-71
0            255    5.01985e-75
0            256    7.73446e-79
0            257    1.09398e-82
0            258    1.45037e-86
0            259    1.82088e-90
0            260    2.22422e-94
0            261    2.63756e-98
0            262   3.14768e-102
0            263   3.83871e-106
0            264    4.8572e-110
0            265   6.34765e-114
0            266   8.98089e-118
0            267   1.38251e-121
0            268   2.32472e-125
0            269   4.42433e-129
0            270   9.36446e-133
0            271   2.28713e-136
0            272   6.57173e-140
0            273   6.96882e-228
0            274   1.03514e-221
0            275   1.86067e-215
0            276   3.98493e-209
0            277   9.81933e-203
0            278   2.74201e-196
0            279   8.30361e-190
0            280   2.73415e-183
0            281   9.38035e-177
0            282   3.29498e-170
0            283   1.13755e-163
0            284   3.83946e-157
0            285   1.22161e-150
0            286   3.89952e-144
0            287   2.21104e-137
0            288   4.78077e-130
0            289   1.43239e-122
0            290    3.7438e-115
0            291    8.1721e-108
0            292   1.49952e-100
0            293    2.31797e-93
0            294    3.43262e-86
0            295    5.72011e-79
0            296    8.70771e-72
0            297    8.07728e-65
0            298    3.81487e-58
0            299    8.59605e-52
0            300    8.63355e-46
0            301    3.70085e-40
0            302    6.66888e-35
0            303    5.05558e-30
0            304    1.72322e-25
0            305    2.98938e-21
0            306    2.59296e-17
0            307    9.21649e-14
0            308    1.15269e-10
0            309    4.66151e-08
0            310    5.98179e-06
0            311    0.000269259
0            312     0.00627094
0            313        0.11484
0            314        1.38183
0            315        8.32316
0            316        23.1355
0            317        28.9791
0            318        16.2241
0            319        4.07456
0            320       0.460801
0            321      0.0231289
0            322    0.000485471
0            323    3.95439e-06
0            324     1.3243e-08
0            325    2.26845e-11
0            326    2.08333e-14
0            327    8.65298e-18
0            328    1.48423e-21
0            329    1.01221e-25
0            330    2.78743e-30
0            331    3.25862e-35
0            332    1.81044e-40
0            333    5.51659e-46
0            334    1.11721e-51
0            335    1.82483e-57
0            336    2.37723e-63
0            337    2.08738e-69
0            338    1.15809e-75
0            339    4.38302e-82
0            340    1.33312e-88
0            341    3.93845e-95
0            342   1.13695e-101
0            343    2.7621e-108
0            344   5.29642e-115
0            345   7.98927e-122
0            346   9.93722e-129
0            347    1.0461e-135
0            348   9.58352e-143
0            349   7.95246e-150
0            350   6.18224e-157
0            351   4.65576e-164
0            352    3.5649e-171
0            353   2.80344e-178
0            354   2.42282e-185
0            355   2.39865e-192
0            356   3.16297e-199
0            357   6.82665e-206
0            358   2.59186e-212
0            359    1.4351e-218
0            360   1.03999e-224
0            361   9.37998e-231
0            362   1.06587e-236
0            363    1.5335e-242
0            364              0
0            365              0
0            366              0
0            367              0
0            368              0
0            369              0
0            370              0
0            371              0
0            372              0
0            373              0
0            374              0
0            375              0
0            376              0
0            377              0
0            378              0
0            379              0
0            380   6.92568e-307
0            381   2.51721e-300
0            382   9.10184e-294
0            383   3.40508e-287
0            384   1.26873e-280
0            385   4.64235e-274
0            386   1.68044e-267
0            387   5.95742e-261
0            388   2.03655e-254
0            389    6.6962e-248
0            390   2.11552e-241
0            391   6.27022e-235
0            392    1.7602e-228
0            393   4.55469e-222
0            394   1.09414e-215
0            395   2.40764e-209
0            396   4.79316e-203
0            397   8.60714e-197
0            398   1.40322e-190
0            399   2.06273e-184
0            400   2.73552e-178
0            401   3.25362e-172
0            402   3.55677e-166
0            403   3.54028e-160
0            404   3.18364e-154
0            405    2.5683e-148
0            406   1.79141e-142
0            407    1.0799e-136
0            408   5.38269e-131
0            409   2.18971e-125
0            410   7.22701e-120
0            411   1.91074e-114
0            412   4.01988e-109
0            413   6.54798e-104
0            414    8.52021e-99
0            415    9.45828e-94
0            416    1.22204e-88
0            417    2.29365e-83
0            418    4.39143e-78
0            419    6.44797e-73
0            420    6.58072e-68
0            421    4.53292e-63
0            422    2.08552e-58
0            423    6.42199e-54
0            424    1.30217e-49
0            425    1.72783e-45
0            426    1.49157e-41
0            427    8.36788e-38
0            428    3.00252e-34
0            429    6.95857e-31
0            430    1.02574e-27
0            431     9.7185e-25
0            432    5.88325e-22
0            433    2.30673e-19
0            434    5.81141e-17
0            435    9.51274e-15
0            436    9.98029e-13
0            437       6.63e-11
0            438    2.77487e-09
0            439     7.2344e-08
0            440     1.2022e-06
0            441     1.3683e-05
0            442    0.000121728
0            443    0.000934437
0            444     0.00625711
0            445      0.0358916
0            446        0.16953
0            447       0.630762
0            448        1.81557
0            449        4.02257
0            450        6.85582
0            451        8.99459
0            452        9.07988
0            453        7.05668
0            454        4.22472
0            455        1.95078
0            456       0.698488
0            457       0.194801
0            458      0.0416834
0            459     0.00660175
0            460    0.000732536
0            461    5.43135e-05
0            462    2.66404e-06
0            463    8.99076e-08
0            464    2.22587e-09
0            465    4.07037e-11
0            466    5.20539e-13
0            467    4.36867e-15
0            468    2.31412e-17
0            469    7.62711e-20
0            470    1.56226e-22
0            471    1.98067e-25
0            472    1.57948e-28
0            473    7.95228e-32
0            474     2.5686e-35
0            475    5.53641e-39
0            476    8.04899e-43
0            477    8.39341e-47
0            478    6.57445e-51
0            479    4.55338e-55
0            480    3.41203e-59
0            481    2.82273e-63
0            482    2.05087e-67
0            483    1.15625e-71
0            484    4.83018e-76
0            485    1.48701e-80
0            486    3.38726e-85
0            487    5.79284e-90
0            488    7.41467e-95
0            489   7.15399e-100
0            490   5.26473e-105
0            491   3.00283e-110
0            492    1.3178e-115
0            493   4.52228e-121
0            494   1.22985e-126
0            495   2.63978e-132
0            496   4.59454e-138
0            497    6.3772e-144
0            498   7.30113e-150
0            499   6.96567e-156
0            500   5.65418e-162
0            501   3.97873e-168
0            502   2.51739e-174
0            503   1.54339e-180
0            504   9.30626e-187
0            505   5.63671e-193
0            506   3.31789e-199
0            507   1.84365e-205
0            508   9.59137e-212
0            509   4.54376e-218
0            510   1.98241e-224
0            511   8.00921e-231
0            512   3.03574e-237
0            513   1.07673e-243
0            514   3.58701e-250
0            515   1.13895e-256
0            516   3.49888e-263
0            517   1.03181e-269
0            518   3.00203e-276
0            519      8.54e-283
0            520   2.42958e-289
0            521   6.92836e-296
0            522   1.97899e-302
0            523              0
0            524              0
0            525              0
0            526              0
0            527              0
0            528              0
0            529              0
0            530              0
0            531              0
0            532              0
0            533              0
0            534              0
0            535              0
0            536              0
0            537              0
0            538              0
0            539              0
0            540              0
0            541              0
0            542              0
0            543              0
0            544              0
0            545    2.09295e-16
0            546    3.21371e-16
0            547    3.87384e-16
0            548    2.85683e-16
0            549    6.42466e-16
0            550    6.52734e-16
0            551    5.32151e-16
0            552    1.57993e-17
0            553    1.19695e-18
0            554    4.51656e-05
0            555    5.37903e-05
0            556    6.13657e-05
0            557    7.25952e-05
0            558    5.74847e-05
0            559    4.49773e-05
0            560    1.00249e-05
0            561    1.31035e-06
0            562    1.17959e-07
0            563        94.1274
0            564        91.5182
0            565        86.4645
0            566        69.6573
0            567        37.0142
0            568        10.1512
0            569        1.91839
0            570       0.242734
0            571      0.0153869
0            572        3.61474
0            573        3.60789
0            574        3.51991
0            575         3.0562
0            576        1.87682
0            577       0.594282
0            578       0.138807
0            579      0.0149598
0            580    0.000416681
0            581    1.60668e-08
0            582    1.48367e-08
0            583    1.49759e-08
0            584    1.76022e-08
0            585    1.58169e-08
0            586    3.01698e-08
0            587    3.09676e-09
0            588    1.30611e-09
0            589    3.94144e-11
0            590    2.12912e-21
0            591    1.42234e-21
0            592    1.68759e-21
0            593    2.24988e-21
0            594    1.55806e-21
0            595    1.04998e-20
0            596    4.71188e-22
0            597    2.60626e-22
0            598    9.24688e-23
