0              0   5.41762e-117
0              1   7.29557e-114
0              2   1.15726e-110
0              3   1.99207e-107
0              4   3.89304e-104
0              5   7.85885e-101
0              6    1.77364e-97
0              7    4.33738e-94
0              8     1.0477e-90
0              9    2.69561e-87
0             10    7.10856e-84
0             11    1.83363e-80
0             12    4.81699e-77
0             13    1.24834e-73
0             14    3.07558e-70
0             15     7.8222e-67
0             16     1.9686e-63
0             17    5.02567e-60
0             18    1.42436e-56
0             19    4.48953e-53
0             20       1.54e-49
0             21     4.9352e-46
0             22    1.41628e-42
0             23    3.61474e-39
0             24    7.04091e-36
0             25     1.1259e-32
0             26    1.42553e-29
0             27    1.34894e-26
0             28    9.93508e-24
0             29    5.50697e-21
0             30    2.38274e-18
0             31    7.75436e-16
0             32    1.81477e-13
0             33    3.15586e-11
0             34    3.99668e-09
0             35    3.54833e-07
0             36    2.19261e-05
0             37    0.000923817
0             38      0.0256393
0             39       0.471922
0             40        5.63784
0             41        42.2199
0             42        199.733
0             43        591.947
0             44        1091.79
0             45        1245.44
0             46        883.713
0             47        388.109
0             48        106.684
0             49        18.5381
0             50        2.06264
0             51       0.146525
0             52     0.00694949
0             53    0.000227192
0             54    5.13158e-06
0             55    8.30035e-08
0             56    9.66154e-10
0             57     7.9361e-12
0             58    4.64971e-14
0             59    1.94142e-16
0             60    5.53439e-19
0             61    1.12545e-21
0             62    1.71329e-24
0             63    1.90827e-27
0             64    1.64132e-30
0             65    1.06148e-33
0             66    5.54035e-37
0             67    2.43678e-40
0             68    8.34953e-44
0             69    2.58033e-47
0             70    7.10922e-51
0             71    1.76129e-54
0             72    4.38975e-58
0             73    1.10265e-61
0             74    2.84949e-65
0             75    7.18643e-69
0             76    1.77076e-72
0             77    4.53255e-76
0             78    1.11471e-79
0             79    2.77048e-83
0             80    7.26667e-87
0             81    1.94758e-90
0             82       5.67e-94
0             83    1.87604e-97
0             84    6.5251e-101
0             85   2.60497e-104
0             86   1.21637e-107
0             87   6.06689e-111
0             88   3.50928e-114
0             89   2.23455e-117
0             90   1.69175e-120
0             91   1.06397e-220
0             92   1.15835e-214
0             93   1.68285e-208
0             94   3.20103e-202
0             95   7.78319e-196
0             96   2.40145e-189
0             97   9.54358e-183
0             98   4.29442e-176
0             99   2.28437e-169
0            100   1.42231e-162
0            101   9.94627e-156
0            102   7.34933e-149
0            103   5.78496e-142
0            104   4.44331e-135
0            105   3.41097e-128
0            106   2.32786e-121
0            107   1.44946e-114
0            108   7.68094e-108
0            109   3.31546e-101
0            110    1.14346e-94
0            111    3.03031e-88
0            112    5.83595e-82
0            113    8.22847e-76
0            114    7.67523e-70
0            115    5.26145e-64
0            116    2.31168e-58
0            117    6.68103e-53
0            118    1.23131e-47
0            119     1.3804e-42
0            120    9.40657e-38
0            121    3.86304e-33
0            122    9.74859e-29
0            123    1.50543e-24
0            124    1.30702e-20
0            125    5.71751e-17
0            126    1.22528e-13
0            127    1.25393e-10
0            128    6.15435e-08
0            129    1.44258e-05
0            130     0.00163499
0            131      0.0903482
0            132        2.38202
0            133        30.1805
0            134        177.066
0            135        480.028
0            136         593.17
0            137        334.047
0            138        85.8783
0            139         10.286
0            140       0.576964
0            141      0.0157721
0            142     0.00020706
0            143    1.33077e-06
0            144    4.16469e-09
0            145    6.32145e-12
0            146    4.69988e-15
0            147    1.69231e-18
0            148    2.97044e-22
0            149    2.51122e-26
0            150    1.09055e-30
0            151     2.5967e-35
0            152    3.59855e-40
0            153    3.12153e-45
0            154    1.79674e-50
0            155    6.75022e-56
0            156    1.66706e-61
0            157    2.71385e-67
0            158    2.80624e-73
0            159    2.12491e-79
0            160    1.06536e-85
0            161    3.94855e-92
0            162    1.07828e-98
0            163   2.30309e-105
0            164   4.01198e-112
0            165   5.83336e-119
0            166   7.45197e-126
0            167   9.07516e-133
0            168   1.04304e-139
0            169   1.29497e-146
0            170   1.73865e-153
0            171   2.82524e-160
0            172   5.70994e-167
0            173   1.53302e-173
0            174   5.47769e-180
0            175   2.46308e-186
0            176   1.27137e-192
0            177   8.19226e-199
0            178    6.3392e-205
0            179   5.97008e-211
0            180   6.94151e-217
0            181   1.02664e-222
0            182              0
0            183              0
0            184              0
0            185              0
0            186              0
0            187              0
0            188              0
0            189              0
0            190              0
0            191              0
0            192    9.8871e-296
0            193   1.41513e-282
0            194   2.18517e-269
0            195   3.10399e-256
0            196   4.00142e-243
0            197   4.20882e-230
0            198   3.48569e-217
0            199   2.05883e-204
0            200   8.36911e-192
0            201   2.03953e-179
0            202   2.94302e-167
0            203   2.33518e-155
0            204   9.33716e-144
0            205   1.89087e-132
0            206   1.93985e-121
0            207   1.58165e-110
0            208    1.05538e-99
0            209    3.11401e-89
0            210    3.19503e-79
0            211    1.00072e-69
0            212    8.93213e-61
0            213    2.29819e-52
0            214    1.64731e-44
0            215    3.16214e-37
0            216    1.57735e-30
0            217    1.79294e-24
0            218    4.25346e-19
0            219    2.01006e-14
0            220     1.9711e-10
0            221    4.29099e-07
0            222    0.000248078
0            223      0.0435157
0            224        2.29103
0            225        35.8059
0            226        165.359
0            227        227.825
0            228         93.883
0            229        11.7111
0            230       0.439515
0            231     0.00492054
0            232    1.49368e-05
0            233    1.08016e-08
0            234    1.62827e-12
0            235    4.72082e-17
0            236    2.71191e-22
0            237    3.13213e-28
0            238     7.8609e-35
0            239    4.77465e-42
0            240    8.31506e-50
0            241    4.50568e-58
0            242     8.1408e-67
0            243    5.09357e-76
0            244    1.11185e-85
0            245    9.37299e-96
0            246   3.35819e-106
0            247   4.98443e-117
0            248   3.38357e-128
0            249   1.26234e-139
0            250   3.01363e-151
0            251   5.22646e-163
0            252   5.68751e-175
0            253   3.82611e-187
0            254   1.65703e-199
0            255   4.63688e-212
0            256   9.63711e-225
0            257   1.57854e-237
0            258   2.38598e-250
0            259    3.8173e-263
0            260   7.40777e-276
0            261   1.58472e-288
0            262   3.73602e-301
0            263              0
0            264              0
0            265              0
0            266              0
0            267              0
0            268              0
0            269              0
0            270              0
0            271              0
0            272              0
0            273              0
0            274              0
0            275              0
0            276              0
0            277              0
0            278              0
0            279              0
0            280              0
0            281              0
0            282              0
0            283              0
0            284              0
0            285              0
0            286              0
0            287              0
0            288              0
0            289              0
0            290              0
0            291              0
0            292              0
0            293              0
0            294   2.14968e-298
0            295   4.98133e-276
0            296   5.36831e-254
0            297   4.09185e-232
0            298   8.82824e-211
0            299   3.86489e-190
0            300   4.98235e-170
0            301   1.51023e-150
0            302    5.1348e-132
0            303   1.41954e-114
0            304    2.73108e-98
0            305    3.33705e-83
0            306    2.44677e-69
0            307    1.09522e-56
0            308    3.71659e-45
0            309    8.74549e-35
0            310    9.89122e-26
0            311    4.15681e-18
0            312    6.11777e-12
0            313     2.9903e-07
0            314    0.000598444
0            315       0.125817
0            316        5.61011
0            317        48.3119
0            318        75.9481
0            319        21.9223
0            320        1.16845
0            321      0.0118167
0            322    2.04509e-05
0            323    2.08016e-09
0            324    7.44247e-15
0            325    8.47308e-22
0            326    3.27789e-30
0            327    4.61424e-40
0            328    2.98383e-51
0            329    1.24676e-63
0            330    4.48737e-77
0            331    1.29712e-91
0            332   3.01348e-107
0            333   6.90044e-124
0            334   2.42756e-141
0            335   1.79991e-159
0            336   2.48014e-178
0            337   5.13517e-198
0            338   1.58959e-218
0            339   8.45733e-240
0            340   8.14786e-262
0            341    1.5672e-284
0            342   7.54597e-308
0            343              0
0            344              0
0            345              0
0            346              0
0            347              0
0            348              0
0            349              0
0            350              0
0            351              0
0            352              0
0            353              0
0            354              0
0            355              0
0            356              0
0            357              0
0            358              0
0            359              0
0            360              0
0            361              0
0            362              0
0            363              0
0            364              0
0            365              0
0            366              0
0            367              0
0            368              0
0            369              0
0            370              0
0            371              0
0            372              0
0            373              0
0            374              0
0            375              0
0            376              0
0            377              0
0            378              0
0            379              0
0            380              0
0            381              0
0            382              0
0            383              0
0            384              0
0            385              0
0            386              0
0            387              0
0            388              0
0            389              0
0            390              0
0            391              0
0            392              0
0            393              0
0            394              0
0            395              0
0            396              0
0            397              0
0            398              0
0            399              0
0            400              0
0            401              0
0            402              0
0            403              0
0            404              0
0            405              0
0            406              0
0            407              0
0            408              0
0            409              0
0            410              0
0            411              0
0            412              0
0            413              0
0            414              0
0            415              0
0            416              0
0            417              0
0            418              0
0            419   4.67983e-295
0            420   3.72997e-278
0            421   9.70242e-262
0            422   8.06762e-246
0            423   3.26513e-230
0            424   9.58248e-214
0            425   2.02883e-197
0            426   1.10819e-181
0            427   1.51642e-166
0            428   4.84447e-152
0            429   3.74055e-138
0            430   6.41609e-125
0            431   2.51575e-112
0            432   2.10395e-100
0            433    3.90115e-89
0            434    1.47811e-78
0            435    1.19113e-68
0            436    1.92402e-59
0            437    6.15601e-51
0            438    3.94126e-43
0            439    4.86852e-36
0            440    1.17002e-29
0            441     5.4066e-24
0            442    4.83962e-19
0            443    8.80546e-15
0            444    3.54724e-11
0            445    3.38557e-08
0            446    7.67762e-06
0            447    0.000427282
0            448     0.00822373
0            449       0.100185
0            450       0.855304
0            451        4.35715
0            452        12.9414
0            453        22.7823
0            454        23.4366
0            455        13.9079
0            456        4.77323
0            457        0.93279
0            458       0.108713
0            459     0.00777295
0            460    0.000237065
0            461    1.99803e-06
0            462    4.16071e-09
0            463    2.53607e-12
0            464    4.89932e-16
0            465    2.36599e-20
0            466    2.41249e-25
0            467    4.90976e-31
0            468    1.97537e-37
0            469    1.59107e-44
0            470    2.62296e-52
0            471     8.7777e-61
0            472    6.22402e-70
0            473    9.19861e-80
0            474    2.88713e-90
0            475   2.03988e-101
0            476    3.1218e-113
0            477    1.1192e-125
0            478   9.09445e-139
0            479    1.7884e-152
0            480   8.28776e-167
0            481   9.84401e-182
0            482   2.89563e-197
0            483   2.26619e-213
0            484   4.76596e-230
0            485     2.757e-247
0            486   4.49694e-265
0            487   2.22477e-283
0            488   3.32236e-302
0            489              0
0            490              0
0            491              0
0            492              0
0            493              0
0            494              0
0            495              0
0            496              0
0            497              0
0            498              0
0            499              0
0            500              0
0            501              0
0            502              0
0            503              0
0            504              0
0            505              0
0            506              0
0            507              0
0            508              0
0            509              0
0            510              0
0            511              0
0            512              0
0            513              0
0            514              0
0            515              0
0            516              0
0            517              0
0            518              0
0            519              0
0            520              0
0            521              0
0            522              0
0            523              0
0            524              0
0            525              0
0            526              0
0            527              0
0            528              0
0            529              0
0            530              0
0            531              0
0            532              0
0            533              0
0            534              0
0            535              0
0            536              0
0            537              0
0            538              0
0            539              0
0            540              0
0            541              0
0            542              0
0            543              0
0            544              0
0            545    8.84207e-46
0            546     1.4042e-45
0            547    4.41272e-45
0            548    5.32543e-45
0            549    9.14159e-47
0            550    8.45641e-49
0            551    1.03836e-53
0            552    2.58119e-59
0            553    6.15913e-75
0            554    1.40306e-15
0            555    2.03382e-15
0            556    2.87374e-15
0            557    2.89463e-15
0            558    4.83521e-16
0            559    2.32001e-17
0            560    6.23605e-20
0            561    4.12272e-24
0            562    1.39999e-42
0            563        10.5336
0            564        10.2191
0            565         9.2949
0            566        6.62243
0            567        2.43645
0            568       0.211994
0            569     0.00724216
0            570    2.26661e-06
0            571    5.92952e-26
0            572        2.86779
0            573        2.83437
0            574        2.66501
0            575        2.02193
0            576       0.748545
0            577      0.0693401
0            578     0.00163366
0            579    4.78835e-08
0            580    4.14854e-27
0            581    5.56665e-17
0            582    8.87328e-17
0            583     9.6695e-17
0            584    6.45068e-17
0            585    2.25561e-17
0            586    1.44412e-18
0            587    7.79389e-22
0            588    1.46516e-26
0            589    6.78089e-46
0            590    3.25429e-48
0            591    4.60957e-48
0            592     7.9299e-48
0            593    1.76958e-47
0            594    3.69316e-49
0            595    1.33073e-50
0            596    2.35112e-55
0            597    2.48701e-62
0            598    1.14231e-78
