0              0    9.65423e-15
0              1    8.97211e-14
0              2    8.24328e-13
0              3    7.28646e-12
0              4    6.23015e-11
0              5      5.108e-10
0              6    4.08717e-09
0              7    3.14115e-08
0              8    2.29376e-07
0              9    1.61141e-06
0             10    1.07202e-05
0             11    6.66719e-05
0             12    0.000386692
0             13     0.00205843
0             14     0.00994022
0             15      0.0438353
0             16       0.173448
0             17       0.610292
0             18        1.91502
0             19        5.31807
0             20        13.0826
0             21        28.2103
0             22        53.2375
0             23        87.9982
0             24        126.053
0             25        156.888
0             26        169.132
0             27        157.725
0             28        127.234
0             29        88.8812
0             30        53.7033
0             31        28.1485
0             32        12.9143
0             33        5.17682
0             34        1.82597
0             35       0.573689
0             36       0.161472
0             37       0.041193
0             38     0.00964788
0             39     0.00204923
0             40    0.000393959
0             41    6.88477e-05
0             42    1.07189e-05
0             43    1.49509e-06
0             44     1.8742e-07
0             45    2.19893e-08
0             46    2.44236e-09
0             47    2.59256e-10
0             48     2.7402e-11
0             49     2.9007e-12
0             50    3.04733e-13
0             51    3.11603e-14
0             52    3.16884e-15
0             53    3.18846e-16
0             54    3.13446e-17
0             55    3.06128e-18
0             56    2.98363e-19
0             57    2.92105e-20
0             58    2.93243e-21
0             59     3.0349e-22
0             60    3.20125e-23
0             61    3.49606e-24
0             62    4.00397e-25
0             63    4.72622e-26
0             64    5.80935e-27
0             65    7.30478e-28
0             66    9.51538e-29
0             67    1.29668e-29
0             68    1.79428e-30
0             69    2.60026e-31
0             70    3.92552e-32
0             71     6.0983e-33
0             72    9.90536e-34
0             73    1.67662e-34
0             74    2.96375e-35
0             75    5.44941e-36
0             76    1.04443e-36
0             77    2.11963e-37
0             78    4.47416e-38
0             79    9.93678e-39
0             80    2.32725e-39
0             81    5.66687e-40
0             82    1.45094e-40
0             83     3.9172e-41
0             84    1.09479e-41
0             85     3.2406e-42
0             86    1.01123e-42
0             87    3.26602e-43
0             88    1.11631e-43
0             89    3.98149e-44
0             90    1.49515e-44
0             91    1.00902e-22
0             92    3.55017e-21
0             93    1.18311e-19
0             94    3.61156e-18
0             95    1.00629e-16
0             96    2.48879e-15
0             97    5.50062e-14
0             98    1.06051e-12
0             99    1.79099e-11
0            100    2.65765e-10
0            101    3.46803e-09
0            102    4.01819e-08
0            103    4.19426e-07
0            104     4.0068e-06
0            105    3.52316e-05
0            106    0.000282588
0            107     0.00204645
0            108      0.0130804
0            109      0.0721765
0            110       0.338779
0            111          1.332
0            112        4.33077
0            113         11.557
0            114        24.9396
0            115        43.5313
0            116        60.8691
0            117        68.1342
0            118         61.014
0            119        43.7821
0            120        25.2343
0            121        11.7291
0            122        4.41772
0            123        1.35033
0            124       0.337393
0            125      0.0695122
0            126      0.0119058
0            127     0.00171339
0            128    0.000209529
0            129    2.20685e-05
0            130    2.01499e-06
0            131    1.59979e-07
0            132    1.13145e-08
0            133    7.11308e-10
0            134    4.10118e-11
0            135    2.17223e-12
0            136     1.0843e-13
0            137    5.14882e-15
0            138    2.34435e-16
0            139    1.05076e-17
0            140    4.56272e-19
0            141    1.97545e-20
0            142     8.3141e-22
0            143    3.43634e-23
0            144    1.38668e-24
0            145    5.44591e-26
0            146    2.10329e-27
0            147    8.01766e-29
0            148    3.06439e-30
0            149    1.17029e-31
0            150    4.58426e-33
0            151    1.85375e-34
0            152    7.76843e-36
0            153    3.38575e-37
0            154    1.55139e-38
0            155    7.45985e-40
0            156    3.78635e-41
0            157    2.02005e-42
0            158    1.11505e-43
0            159    6.53436e-45
0            160    3.95351e-46
0            161    2.49752e-47
0            162    1.64005e-48
0            163     1.1285e-49
0            164    8.14129e-51
0            165    6.15159e-52
0            166    4.87524e-53
0            167    4.09202e-54
0            168    3.59772e-55
0            169     3.3799e-56
0            170    3.33836e-57
0            171    3.52712e-58
0            172     3.9523e-59
0            173    4.74089e-60
0            174    6.09939e-61
0            175    8.40504e-62
0            176    1.22574e-62
0            177    1.92239e-63
0            178    3.24551e-64
0            179     5.8348e-65
0            180    1.12875e-65
0            181     2.3399e-66
0            182     2.1794e-35
0            183    2.30649e-33
0            184    2.42832e-31
0            185    2.71763e-29
0            186    3.27586e-27
0            187    4.11485e-25
0            188    4.87944e-23
0            189     5.1695e-21
0            190    4.77745e-19
0            191    3.75354e-17
0            192    2.52279e-15
0            193    1.43981e-13
0            194    6.91413e-12
0            195    2.75384e-10
0            196     9.1295e-09
0            197    2.47928e-07
0            198    5.36765e-06
0            199    8.99208e-05
0            200     0.00114055
0            201      0.0108722
0            202      0.0787795
0            203       0.433971
0            204        1.80004
0            205        5.55069
0            206        12.5028
0            207        20.4323
0            208         24.117
0            209         20.571
0            210        12.7135
0            211        5.71797
0            212        1.87852
0            213       0.451846
0            214      0.0801686
0            215      0.0106827
0            216     0.00108937
0            217    8.70705e-05
0            218    5.48299e-06
0            219    2.70903e-07
0            220    1.04339e-08
0            221    3.21854e-10
0            222    8.12779e-12
0            223    1.71031e-13
0            224     3.0729e-15
0            225    4.67913e-17
0            226    6.20141e-19
0            227    7.27966e-21
0            228    7.70975e-23
0            229     7.4247e-25
0            230    6.41009e-27
0            231    4.98409e-29
0            232    3.40756e-31
0            233    2.09867e-33
0            234    1.18603e-35
0            235    6.39046e-38
0            236    3.56916e-40
0            237    2.18877e-42
0            238    1.53116e-44
0            239    1.20278e-46
0            240    1.02851e-48
0            241    9.17013e-51
0            242    8.43294e-53
0            243    8.04923e-55
0            244    7.90435e-57
0            245    8.08727e-59
0            246    8.69044e-61
0            247    9.72543e-63
0            248    1.14905e-64
0            249    1.44408e-66
0            250    1.91394e-68
0            251     2.7181e-70
0            252    4.12037e-72
0            253     6.7044e-74
0            254    1.17052e-75
0            255    2.18015e-77
0            256    4.38508e-79
0            257    9.45661e-81
0            258    2.20632e-82
0            259    5.53447e-84
0            260    1.50285e-85
0            261    4.39581e-87
0            262     1.3983e-88
0            263    4.83862e-90
0            264    1.82229e-91
0            265    7.43208e-93
0            266    3.32653e-94
0            267    1.63051e-95
0            268    8.73044e-97
0            269    5.14232e-98
0            270    3.30237e-99
0            271   2.32921e-100
0            272   1.81269e-101
0            273    6.77757e-56
0            274    2.24922e-52
0            275    1.11928e-48
0            276    5.04565e-45
0            277    1.77554e-41
0            278    4.68505e-38
0            279    9.00759e-35
0            280    1.25566e-31
0            281    1.24536e-28
0            282    8.91829e-26
0            283    4.70088e-23
0            284    1.91941e-20
0            285    6.20048e-18
0            286    1.54273e-15
0            287    2.76517e-13
0            288    3.41192e-11
0            289    2.84463e-09
0            290     1.6025e-07
0            291    6.14541e-06
0            292    0.000159487
0            293     0.00274337
0            294      0.0310402
0            295       0.229607
0            296        1.08975
0            297         3.2928
0            298        6.41007
0            299        8.07376
0            300        6.55466
0            301        3.42685
0            302        1.16246
0            303        0.26029
0            304      0.0387984
0            305     0.00377756
0            306    0.000232277
0            307    8.83928e-06
0            308    2.07613e-07
0            309    3.05904e-09
0            310    2.87734e-11
0            311     1.7996e-13
0            312     7.8248e-16
0            313    2.54128e-18
0            314    6.52154e-21
0            315    1.38855e-23
0            316    2.46499e-26
0            317    3.54535e-29
0            318    3.96515e-32
0            319    3.37028e-35
0            320    2.16895e-38
0            321    1.05973e-41
0            322    4.00133e-45
0            323      1.207e-48
0            324    3.06887e-52
0            325    7.12493e-56
0            326    1.71917e-59
0            327    4.55042e-63
0            328    1.33758e-66
0            329    4.35822e-70
0            330    1.66381e-73
0            331    7.82327e-77
0            332    4.41182e-80
0            333    2.75624e-83
0            334    1.81283e-86
0            335    1.24098e-89
0            336    8.89458e-93
0            337    6.67376e-96
0            338    5.28491e-99
0            339   4.54387e-102
0            340   4.22379e-105
0            341   4.28026e-108
0            342   4.83645e-111
0            343    6.1053e-114
0            344   8.73726e-117
0            345   1.41111e-119
0            346   2.62966e-122
0            347   5.69383e-125
0            348   1.43268e-127
0            349   4.21662e-130
0            350   1.45853e-132
0            351   5.95072e-135
0            352   2.87842e-137
0            353   1.63214e-139
0            354   1.10255e-141
0            355   8.76837e-144
0            356   8.21081e-146
0            357    9.1106e-148
0            358    1.1993e-149
0            359   1.85037e-151
0            360   3.38687e-153
0            361    7.2972e-155
0            362   1.86212e-156
0            363   5.61297e-158
0            364    5.18343e-86
0            365    2.47422e-83
0            366    1.11964e-80
0            367    4.76184e-78
0            368    1.90047e-75
0            369    7.05627e-73
0            370     2.4651e-70
0            371    8.08471e-68
0            372    2.49269e-65
0            373    7.31568e-63
0            374    2.07248e-60
0            375    5.77721e-58
0            376    1.59831e-55
0            377    4.45742e-53
0            378    1.27404e-50
0            379    3.79722e-48
0            380    1.18934e-45
0            381    3.88518e-43
0            382    1.25432e-40
0            383    3.83779e-38
0            384    1.05587e-35
0            385     2.5062e-33
0            386    5.05494e-31
0            387    8.45839e-29
0            388     1.1652e-26
0            389     1.3057e-24
0            390    1.18836e-22
0            391    8.68467e-21
0            392    5.11208e-19
0            393    2.40652e-17
0            394    9.08733e-16
0            395     2.7583e-14
0            396    6.76571e-13
0            397    1.35154e-11
0            398    2.22934e-10
0            399    3.06571e-09
0            400    3.53259e-08
0            401    3.40923e-07
0            402    2.76318e-06
0            403    1.88323e-05
0            404    0.000108686
0            405    0.000537488
0            406     0.00230111
0            407     0.00864277
0            408      0.0284791
0            409      0.0818243
0            410       0.203724
0            411       0.439547
0            412       0.824332
0            413        1.34477
0            414        1.91092
0            415        2.36481
0            416        2.54891
0            417        2.39036
0            418        1.94834
0            419        1.37897
0            420       0.848357
0            421       0.455057
0            422        0.21381
0            423      0.0884092
0            424      0.0323532
0            425      0.0105231
0            426     0.00305798
0            427    0.000798347
0            428    0.000186168
0            429    3.73077e-05
0            430    6.14758e-06
0            431    8.08926e-07
0            432    8.52173e-08
0            433    7.26901e-09
0            434     5.0969e-10
0            435     2.9219e-11
0            436    1.36492e-12
0            437    5.17181e-14
0            438    1.57426e-15
0            439    3.87283e-17
0            440    7.70211e-19
0            441     1.2547e-20
0            442    1.70886e-22
0            443    1.99951e-24
0            444    2.07557e-26
0            445    1.97582e-28
0            446    1.73546e-30
0            447    1.38878e-32
0            448    9.87174e-35
0            449    6.14113e-37
0            450    3.31802e-39
0            451    1.53463e-41
0            452    6.10993e-44
0            453    2.09512e-46
0            454    6.23215e-49
0            455    1.61044e-51
0            456    3.63136e-54
0            457    7.19493e-57
0            458    1.25852e-59
0            459    1.97355e-62
0            460    2.77347e-65
0            461    3.54257e-68
0            462    4.23217e-71
0            463    4.85501e-74
0            464     5.7892e-77
0            465     8.1641e-80
0            466    1.50899e-82
0            467    3.44309e-85
0            468    8.46702e-88
0            469    2.06762e-90
0            470     4.8615e-93
0            471    1.08261e-95
0            472    2.29647e-98
0            473   4.61834e-101
0            474   8.81311e-104
0            475   1.62219e-106
0            476   2.84717e-109
0            477    4.8815e-112
0            478    8.1151e-115
0            479   1.34354e-117
0            480   2.23332e-120
0            481     3.878e-123
0            482   7.14549e-126
0            483   1.43401e-128
0            484    3.1237e-131
0            485   7.24651e-134
0            486   1.74873e-136
0            487   4.34407e-139
0            488   1.09124e-141
0            489   2.75265e-144
0            490   6.97985e-147
0            491   1.78584e-149
0            492   4.58295e-152
0            493    1.1862e-154
0            494   3.11346e-157
0            495   8.24958e-160
0            496   2.23182e-162
0            497   6.10185e-165
0            498   1.70644e-167
0            499   4.88454e-170
0            500    1.4384e-172
0            501   4.33992e-175
0            502   1.34213e-177
0            503   4.30794e-180
0            504   1.42594e-182
0            505    4.9028e-185
0            506   1.75015e-187
0            507   6.49305e-190
0            508   2.52009e-192
0            509   1.01689e-194
0            510   4.29377e-197
0            511   1.89916e-199
0            512   8.84883e-202
0            513   4.33867e-204
0            514   2.23054e-206
0            515   1.20903e-208
0            516   6.94737e-211
0            517   4.20737e-213
0            518   2.70639e-215
0            519   1.84409e-217
0            520   1.33558e-219
0            521   1.03099e-221
0            522   8.41669e-224
0            523   7.35845e-226
0            524   6.84606e-228
0            525   6.78396e-230
0            526   7.14624e-232
0            527   8.13712e-234
0            528   9.82243e-236
0            529   1.27465e-237
0            530   1.76387e-239
0            531   2.62011e-241
0            532   4.18177e-243
0            533   7.16543e-245
0            534   1.30946e-246
0            535   2.58406e-248
0            536   5.46993e-250
0            537   1.23618e-251
0            538    3.0079e-253
0            539   7.85875e-255
0            540   2.21986e-256
0            541   6.70503e-258
0            542   2.17253e-259
0            543   7.54316e-261
0            544   2.82568e-262
0            545        56.9222
0            546         55.557
0            547         53.105
0            548        44.1917
0            549         25.883
0            550        9.16737
0            551        2.55303
0            552       0.522223
0            553      0.0532602
0            554      0.0294083
0            555       0.029749
0            556      0.0294755
0            557      0.0263625
0            558      0.0206756
0            559       0.010359
0            560     0.00489526
0            561      0.0015384
0            562    0.000184157
0            563    2.29329e-09
0            564    2.68223e-09
0            565    2.88407e-09
0            566     3.0354e-09
0            567     3.4607e-09
0            568     4.1711e-09
0            569    1.14562e-08
0            570    3.49073e-09
0            571    1.23239e-10
0            572     1.5207e-18
0            573    1.87792e-18
0            574    2.18881e-18
0            575    2.53477e-18
0            576    2.74639e-18
0            577    1.58561e-18
0            578    1.05064e-17
0            579    7.19966e-18
0            580     2.7117e-19
0            581    2.99434e-28
0            582    3.24036e-28
0            583    4.09126e-28
0            584    4.72908e-28
0            585    2.98747e-28
0            586    1.77567e-28
0            587    5.95855e-28
0            588    2.76247e-28
0            589    2.57868e-28
0            590    5.50184e-38
0            591    5.58417e-38
0            592    7.19939e-38
0            593    8.15162e-38
0            594    8.08598e-38
0            595    8.10735e-38
0            596    1.46141e-37
0            597    5.70317e-38
0            598    1.60645e-37
