0              0    3.73532e-88
0              1    9.76757e-86
0              2    2.87922e-83
0              3    9.03047e-81
0              4    3.12813e-78
0              5    1.13381e-75
0              6    4.59379e-73
0              7    2.03921e-70
0              8    9.34996e-68
0              9     4.7012e-65
0             10    2.51572e-62
0             11    1.38038e-59
0             12    7.99453e-57
0             13    4.75388e-54
0             14    2.80382e-51
0             15     1.7345e-48
0             16    1.05901e-45
0             17    6.21413e-43
0             18    3.55191e-40
0             19    1.91703e-37
0             20    9.84086e-35
0             21    4.50552e-32
0             22    1.85213e-29
0             23    6.99473e-27
0             24    2.18685e-24
0             25     5.9912e-22
0             26    1.40299e-19
0             27    2.67419e-17
0             28    4.24504e-15
0             29    5.41909e-13
0             30    5.65693e-11
0             31    4.64532e-09
0             32    2.87151e-07
0             33    1.35644e-05
0             34    0.000476509
0             35      0.0119526
0             36       0.210324
0             37        2.52661
0             38        20.0447
0             39        104.475
0             40        349.652
0             41        734.918
0             42        970.539
0             43        801.395
0             44        412.957
0             45        134.973
0             46        28.2333
0             47        3.78413
0             48       0.337971
0             49      0.0206038
0             50    0.000878462
0             51    2.62108e-05
0             52    5.79551e-07
0             53    9.72528e-09
0             54    1.22583e-10
0             55    1.20562e-12
0             56    9.42512e-15
0             57     5.9131e-17
0             58    3.10478e-19
0             59    1.38971e-21
0             60    5.14324e-24
0             61    1.64635e-26
0             62    4.74841e-29
0             63    1.20158e-31
0             64    2.78414e-34
0             65    5.74512e-37
0             66    1.11646e-39
0             67    2.11299e-42
0             68    3.63975e-45
0             69     6.3925e-48
0             70    1.12833e-50
0             71    1.98695e-53
0             72    3.74241e-56
0             73    7.46124e-59
0             74    1.59378e-61
0             75    3.52721e-64
0             76    8.10081e-67
0             77    2.01338e-69
0             78    5.07165e-72
0             79    1.33291e-74
0             80    3.72449e-77
0             81    1.06625e-79
0             82    3.24185e-82
0             83    1.07287e-84
0             84    3.63823e-87
0             85    1.36055e-89
0             86    5.69318e-92
0             87    2.50465e-94
0             88    1.24768e-96
0             89    6.77126e-99
0             90   4.23277e-101
0             91   7.93284e-157
0             92   2.01714e-152
0             93   5.98954e-148
0             94   2.02214e-143
0             95   7.70458e-139
0             96   3.23951e-134
0             97   1.53381e-129
0             98   7.52485e-125
0             99   3.93931e-120
0            100   2.20383e-115
0            101   1.29591e-110
0            102   7.91411e-106
0            103    5.2023e-101
0            104    3.66136e-96
0            105    2.84362e-91
0            106    2.25069e-86
0            107    1.79612e-81
0            108    1.34732e-76
0            109    9.08797e-72
0            110    5.43232e-67
0            111    2.80305e-62
0            112    1.20205e-57
0            113    4.29686e-53
0            114     1.1771e-48
0            115    2.64837e-44
0            116    4.38724e-40
0            117    5.42966e-36
0            118    4.90253e-32
0            119    3.11392e-28
0            120    1.37278e-24
0            121    4.03755e-21
0            122    7.71756e-18
0            123    9.44658e-15
0            124     7.1558e-12
0            125    3.20779e-09
0            126    8.42215e-07
0            127    0.000124915
0            128      0.0100609
0            129       0.413715
0            130        8.20899
0            131        74.4064
0            132         292.12
0            133         487.66
0            134         341.37
0            135        100.728
0            136        12.8663
0            137        0.74037
0            138      0.0201828
0            139    0.000282567
0            140    2.09071e-06
0            141    8.88062e-09
0            142    2.15846e-11
0            143     3.1704e-14
0            144    2.86517e-17
0            145    1.62223e-20
0            146    6.00512e-24
0            147    1.49281e-27
0            148     2.5983e-31
0            149    3.15803e-35
0            150    2.80896e-39
0            151    1.85115e-43
0            152    8.99922e-48
0            153    3.27413e-52
0            154     9.3593e-57
0            155    2.16448e-61
0            156    4.33517e-66
0            157    7.87312e-71
0            158    1.28458e-75
0            159     2.1079e-80
0            160    3.13889e-85
0            161    4.48093e-90
0            162    6.00183e-95
0            163   7.80706e-100
0            164   1.01167e-104
0            165   1.33003e-109
0            166   1.84021e-114
0            167   2.82055e-119
0            168   4.64676e-124
0            169   8.75436e-129
0            170    1.8034e-133
0            171   4.22172e-138
0            172   1.09618e-142
0            173   3.25137e-147
0            174   1.12208e-151
0            175   4.50375e-156
0            176   2.02854e-160
0            177   1.11128e-164
0            178   7.32926e-169
0            179   5.81436e-173
0            180   5.67383e-177
0            181   6.89127e-181
0            182   7.99601e-293
0            183   1.97114e-284
0            184     6.803e-276
0            185   3.18678e-267
0            186   1.87199e-258
0            187   1.44411e-249
0            188   1.34798e-240
0            189   1.50853e-231
0            190   1.99715e-222
0            191   2.79231e-213
0            192   4.15277e-204
0            193   6.32256e-195
0            194   9.50746e-186
0            195   1.30512e-176
0            196   1.66868e-167
0            197   1.91658e-158
0            198   2.00346e-149
0            199   1.84363e-140
0            200   1.44881e-131
0            201   8.62924e-123
0            202   3.78163e-114
0            203   1.15035e-105
0            204    2.30138e-97
0            205    3.03417e-89
0            206     2.4052e-81
0            207    1.14899e-73
0            208    3.11136e-66
0            209    4.45484e-59
0            210    3.36509e-52
0            211    1.25178e-45
0            212    2.14199e-39
0            213    1.63221e-33
0            214    5.16857e-28
0            215    6.44381e-23
0            216    3.12806e-18
0            217    5.57875e-14
0            218    3.53553e-10
0            219    7.67632e-07
0            220     0.00055027
0            221       0.115916
0            222        6.34439
0            223        79.1889
0            224        204.196
0            225        105.329
0            226        11.1324
0            227       0.261934
0            228     0.00155972
0            229    2.69468e-06
0            230    1.47886e-09
0            231    2.80755e-13
0            232    1.85779e-17
0            233    4.59314e-22
0            234     4.3791e-27
0            235    1.65156e-32
0            236    2.66286e-38
0            237     1.8302e-44
0            238    5.54824e-51
0            239    7.75575e-58
0            240    5.46356e-65
0            241    1.99832e-72
0            242    4.17807e-80
0            243    5.61556e-88
0            244     5.0123e-96
0            245    3.1144e-104
0            246   1.36924e-112
0            247   4.06048e-121
0            248   8.62417e-130
0            249   1.39522e-138
0            250   1.71628e-147
0            251   1.78827e-156
0            252   1.58325e-165
0            253    1.2489e-174
0            254    9.0163e-184
0            255   5.90023e-193
0            256    3.8185e-202
0            257   2.45617e-211
0            258   1.67925e-220
0            259   1.23044e-229
0            260   1.03148e-238
0            261   9.86031e-248
0            262   1.16754e-256
0            263     1.767e-265
0            264   3.52744e-274
0            265   9.20605e-283
0            266   3.47621e-291
0            267    1.9027e-299
0            268   9.85209e-308
0            269              0
0            270              0
0            271              0
0            272              0
0            273              0
0            274              0
0            275              0
0            276              0
0            277              0
0            278              0
0            279              0
0            280              0
0            281              0
0            282              0
0            283              0
0            284              0
0            285              0
0            286              0
0            287              0
0            288    1.1071e-299
0            289   3.05963e-282
0            290   6.58007e-265
0            291   9.57365e-248
0            292    7.9501e-231
0            293   3.05239e-214
0            294   4.89269e-198
0            295   2.97406e-182
0            296   6.51056e-167
0            297   4.57846e-152
0            298   1.06126e-137
0            299   8.87532e-124
0            300   2.50328e-110
0            301    2.01351e-97
0            302    3.96419e-85
0            303    1.64999e-73
0            304    1.29403e-62
0            305    1.78468e-52
0            306     4.1192e-43
0            307    1.48382e-34
0            308    8.00764e-27
0            309    6.05184e-20
0            310     6.0462e-14
0            311    7.35863e-09
0            312     0.00010286
0            313       0.138211
0            314         13.804
0            315        79.1163
0            316        23.2965
0            317       0.381683
0            318    0.000440369
0            319    4.72662e-08
0            320    5.68403e-13
0            321     8.2674e-19
0            322    1.52733e-25
0            323    3.77749e-33
0            324    1.34029e-41
0            325    7.20509e-51
0            326     6.7313e-61
0            327    1.18424e-71
0            328    4.57236e-83
0            329    4.03628e-95
0            330   8.22209e-108
0            331   3.90633e-121
0            332   4.80566e-135
0            333   1.69936e-149
0            334   1.99266e-164
0            335    9.3664e-180
0            336    2.0563e-195
0            337   2.16835e-211
0            338   1.11708e-227
0            339   3.02503e-244
0            340   4.23036e-261
0            341   3.21336e-278
0            342   1.57497e-295
0            343              0
0            344              0
0            345              0
0            346              0
0            347              0
0            348              0
0            349              0
0            350              0
0            351              0
0            352              0
0            353              0
0            354              0
0            355              0
0            356              0
0            357              0
0            358              0
0            359              0
0            360              0
0            361              0
0            362              0
0            363              0
0            364              0
0            365              0
0            366              0
0            367              0
0            368              0
0            369              0
0            370              0
0            371              0
0            372              0
0            373              0
0            374              0
0            375              0
0            376              0
0            377              0
0            378              0
0            379              0
0            380              0
0            381              0
0            382              0
0            383              0
0            384              0
0            385              0
0            386              0
0            387              0
0            388              0
0            389              0
0            390              0
0            391              0
0            392              0
0            393              0
0            394              0
0            395              0
0            396              0
0            397              0
0            398              0
0            399              0
0            400              0
0            401              0
0            402              0
0            403              0
0            404              0
0            405              0
0            406              0
0            407              0
0            408              0
0            409              0
0            410              0
0            411              0
0            412   9.12713e-294
0            413   1.38622e-279
0            414   1.22618e-265
0            415   6.04383e-252
0            416   1.71749e-238
0            417   2.76717e-225
0            418    2.4328e-212
0            419   1.17115e-199
0            420   2.89895e-187
0            421   3.49192e-175
0            422   1.97249e-163
0            423   5.19234e-152
0            424     6.055e-141
0            425   3.06706e-130
0            426   6.64248e-120
0            427   6.12616e-110
0            428   2.30257e-100
0            429    3.61036e-91
0            430    2.24083e-82
0            431    5.59318e-74
0            432    5.37566e-66
0            433    2.02451e-58
0            434      2.831e-51
0            435    1.50095e-44
0            436    2.89498e-38
0            437    2.00308e-32
0            438    5.00758e-27
0            439    4.39486e-22
0            440    1.35804e-17
0            441    1.45348e-13
0            442    5.30965e-10
0            443    6.52692e-07
0            444    0.000262472
0            445      0.0327231
0            446        1.18644
0            447          11.68
0            448        29.6963
0            449        19.0367
0            450        3.11865
0            451       0.135665
0            452     0.00167328
0            453    6.26059e-06
0            454    7.54178e-09
0            455    3.02926e-12
0            456    4.13095e-16
0            457     1.9427e-20
0            458    3.17251e-25
0            459    1.84246e-30
0            460    3.76867e-36
0            461    2.75845e-42
0            462    7.44536e-49
0            463    7.41684e-56
0            464    2.79058e-63
0            465    4.01431e-71
0            466    2.27034e-79
0            467    5.11456e-88
0            468    4.64234e-97
0            469   1.74002e-106
0            470   2.76345e-116
0            471   1.83901e-126
0            472   5.36137e-137
0            473   6.75024e-148
0            474   3.72798e-159
0            475   9.68858e-171
0            476   1.14129e-182
0            477   6.71749e-195
0            478   1.92075e-207
0            479    2.8975e-220
0            480   2.26143e-233
0            481   9.88675e-247
0            482   2.32528e-260
0            483   3.09759e-274
0            484   2.33714e-288
0            485   1.01536e-302
0            486              0
0            487              0
0            488              0
0            489              0
0            490              0
0            491              0
0            492              0
0            493              0
0            494              0
0            495              0
0            496              0
0            497              0
0            498              0
0            499              0
0            500              0
0            501              0
0            502              0
0            503              0
0            504              0
0            505              0
0            506              0
0            507              0
0            508              0
0            509              0
0            510              0
0            511              0
0            512              0
0            513              0
0            514              0
0            515              0
0            516              0
0            517              0
0            518              0
0            519              0
0            520              0
0            521              0
0            522              0
0            523              0
0            524              0
0            525              0
0            526              0
0            527              0
0            528              0
0            529              0
0            530              0
0            531              0
0            532              0
0            533              0
0            534              0
0            535              0
0            536              0
0            537              0
0            538              0
0            539              0
0            540              0
0            541              0
0            542              0
0            543              0
0            544              0
0            545    1.44367e-30
0            546    2.58469e-30
0            547    4.10288e-30
0            548    6.70319e-30
0            549    6.73488e-30
0            550     1.1608e-30
0            551    2.97775e-32
0            552    4.13222e-34
0            553    8.41146e-41
0            554     3.8401e-08
0            555    4.64947e-08
0            556    5.53214e-08
0            557    6.75935e-08
0            558    5.29024e-08
0            559    9.69312e-09
0            560    5.81774e-10
0            561    5.18157e-12
0            562    2.03676e-21
0            563        484.102
0            564        463.313
0            565         420.57
0            566        297.515
0            567         113.73
0            568        14.9449
0            569        1.06657
0            570     0.00322681
0            571    4.56514e-14
0            572    2.04596e-05
0            573    2.33172e-05
0            574    2.60695e-05
0            575    2.85999e-05
0            576    1.96152e-05
0            577    3.73464e-06
0            578    2.83797e-07
0            579    2.13955e-09
0            580    1.09811e-19
0            581     4.1698e-26
0            582    7.00393e-26
0            583    9.82267e-26
0            584    1.32176e-25
0            585    1.46527e-25
0            586    2.57327e-26
0            587    1.21422e-27
0            588    2.82255e-29
0            589    1.45834e-37
0            590    7.75117e-55
0            591    1.37279e-54
0            592    1.80519e-54
0            593    1.91366e-54
0            594    1.79226e-54
0            595    2.70817e-55
0            596      4.059e-57
0            597    1.38294e-59
0            598    2.29537e-65
