0              0    4.29416e-56
0              1    3.64497e-55
0              2    3.33058e-54
0              3    3.20404e-53
0              4    3.30966e-52
0              5    3.54758e-51
0              6    4.06527e-50
0              7    4.96985e-49
0              8    6.26237e-48
0              9    8.37727e-47
0             10    1.17921e-45
0             11    1.71724e-44
0             12    2.63828e-43
0             13      4.244e-42
0             14    7.03169e-41
0             15     1.2351e-39
0             16    2.24269e-38
0             17    4.18634e-37
0             18    8.11832e-36
0             19    1.62722e-34
0             20    3.40314e-33
0             21    7.24494e-32
0             22     1.5917e-30
0             23    3.65452e-29
0             24    8.32594e-28
0             25    1.95444e-26
0             26    4.65411e-25
0             27    1.09584e-23
0             28    2.59981e-22
0             29    6.09658e-21
0             30    1.43994e-19
0             31    3.35694e-18
0             32    7.54121e-17
0             33    1.66108e-15
0             34    3.55679e-14
0             35    7.22392e-13
0             36    1.38435e-11
0             37     2.4829e-10
0             38    4.07432e-09
0             39    6.18118e-08
0             40    8.59839e-07
0             41    1.05627e-05
0             42    0.000115292
0             43     0.00110813
0             44     0.00925866
0             45      0.0649014
0             46       0.381942
0             47        1.87953
0             48        7.50185
0             49        24.1189
0             50        61.8198
0             51        126.106
0             52        202.147
0             53         254.03
0             54        250.372
0             55        193.389
0             56         117.41
0             57        56.1893
0             58        21.4021
0             59        6.55907
0             60        1.61616
0             61       0.326445
0             62      0.0552323
0             63     0.00785709
0             64    0.000961079
0             65    0.000101142
0             66    9.42333e-06
0             67    7.89285e-07
0             68    5.83881e-08
0             69    4.00617e-09
0             70    2.52031e-10
0             71    1.45384e-11
0             72    7.91282e-13
0             73     4.0418e-14
0             74    1.96998e-15
0             75    9.10764e-17
0             76    4.06472e-18
0             77    1.80857e-19
0             78    7.84109e-21
0             79    3.36385e-22
0             80    1.44859e-23
0             81      6.181e-25
0             82    2.65042e-26
0             83     1.1608e-27
0             84    5.05935e-29
0             85    2.25592e-30
0             86    1.05019e-31
0             87    4.97092e-33
0             88    2.45055e-34
0             89    1.24074e-35
0             90    6.65269e-37
0             91    1.64424e-88
0             92    4.60124e-87
0             93    1.41578e-85
0             94    4.78286e-84
0             95    1.75756e-82
0             96     7.0575e-81
0             97    3.10874e-79
0             98    1.45781e-77
0             99    7.39212e-76
0            100    4.05561e-74
0            101    2.39046e-72
0            102    1.49284e-70
0            103    9.95422e-69
0            104    6.94073e-67
0            105    5.14294e-65
0            106    3.94771e-63
0            107    3.19813e-61
0            108    2.71643e-59
0            109    2.43349e-57
0            110    2.33986e-55
0            111    2.45431e-53
0            112    2.82429e-51
0            113    3.61341e-49
0            114    4.95087e-47
0            115    7.41115e-45
0            116     1.1232e-42
0            117    1.71281e-40
0            118    2.57579e-38
0            119    3.72114e-36
0            120    5.13436e-34
0            121    6.66215e-32
0            122    8.14998e-30
0            123    9.52639e-28
0            124    1.07476e-25
0            125    1.15767e-23
0            126    1.20517e-21
0            127    1.18205e-19
0            128    1.06523e-17
0            129    8.48542e-16
0            130    5.85248e-14
0            131    3.44327e-12
0            132    1.67393e-10
0            133    6.84746e-09
0            134    2.26871e-07
0            135    6.18172e-06
0            136    0.000134263
0            137     0.00228873
0            138      0.0299579
0            139       0.289745
0            140        2.03367
0            141        9.94204
0            142        33.3403
0            143        74.7316
0            144        110.911
0            145        108.344
0            146        69.6789
0            147        29.7098
0            148        8.51959
0            149        1.67071
0            150       0.230548
0            151      0.0231269
0            152     0.00173185
0            153     9.9783e-05
0            154    4.56747e-06
0            155    1.69464e-07
0            156    5.21489e-09
0            157    1.35069e-10
0            158    2.93013e-12
0            159    5.51917e-14
0            160    8.73411e-16
0            161     1.1967e-17
0            162    1.41405e-19
0            163    1.46777e-21
0            164    1.37223e-23
0            165    1.19065e-25
0            166    1.01157e-27
0            167    8.92246e-30
0            168    8.29292e-32
0            169    8.18249e-34
0            170    8.30937e-36
0            171    8.50852e-38
0            172    8.66497e-40
0            173    8.82232e-42
0            174     9.1032e-44
0            175    9.55422e-46
0            176    1.01233e-47
0            177    1.11444e-49
0            178    1.24635e-51
0            179    1.43311e-53
0            180     1.6677e-55
0            181    1.98594e-57
0            182   3.74207e-146
0            183   1.04009e-143
0            184   3.35028e-141
0            185   1.24029e-138
0            186   5.17221e-136
0            187   2.47189e-133
0            188   1.32811e-130
0            189   8.04832e-128
0            190   5.52135e-125
0            191   4.17861e-122
0            192   3.53729e-119
0            193   3.35871e-116
0            194   3.59651e-113
0            195   4.29777e-110
0            196   5.82858e-107
0            197   8.86804e-104
0            198    1.5167e-100
0            199    2.85788e-97
0            200    5.96905e-94
0            201    1.37261e-90
0            202    3.67798e-87
0            203    1.22183e-83
0            204    5.08442e-80
0            205    2.51202e-76
0            206    1.30359e-72
0            207    6.75499e-69
0            208    3.31242e-65
0            209    1.46665e-61
0            210    5.87262e-58
0            211    2.07596e-54
0            212    6.32574e-51
0            213    1.67841e-47
0            214    3.80593e-44
0            215    7.28558e-41
0            216    1.18423e-37
0            217    1.57967e-34
0            218    1.69447e-31
0            219    1.44638e-28
0            220    1.00809e-25
0            221     5.7486e-23
0            222    2.75058e-20
0            223    1.09355e-17
0            224    3.37966e-15
0            225    7.89198e-13
0            226    1.31637e-10
0            227    1.54125e-08
0            228    1.24396e-06
0            229     6.8132e-05
0            230      0.0024718
0            231      0.0560071
0            232       0.752279
0            233        5.56089
0            234        21.5019
0            235        41.9401
0            236        40.4886
0            237        19.3957
0            238        4.69971
0            239       0.598428
0            240      0.0424899
0            241     0.00177804
0            242    4.65672e-05
0            243    8.04281e-07
0            244    9.46576e-09
0            245    7.82966e-11
0            246    4.67345e-13
0            247    2.02339e-15
0            248    6.60091e-18
0            249     1.7244e-20
0            250    3.78173e-23
0            251    7.22506e-26
0            252    1.14727e-28
0            253    1.45576e-31
0            254    1.44812e-34
0            255    1.10969e-37
0            256    6.71881e-41
0            257    3.26833e-44
0            258    1.31238e-47
0            259     4.4718e-51
0            260    1.34792e-54
0            261    3.64317e-58
0            262    9.20839e-62
0            263    2.21113e-65
0            264    5.09259e-69
0            265    1.11236e-72
0            266    2.40281e-76
0            267    5.18507e-80
0            268    1.13723e-83
0            269    2.68086e-87
0            270    6.80762e-91
0            271    1.95706e-94
0            272    6.44481e-98
0            273   1.45047e-246
0            274   2.41117e-242
0            275   5.53028e-238
0            276   1.74669e-233
0            277   7.43417e-229
0            278    4.2759e-224
0            279   3.21014e-219
0            280   3.18783e-214
0            281   4.09556e-209
0            282   6.67542e-204
0            283   1.35035e-198
0            284   3.40978e-193
0            285   1.02922e-187
0            286   3.72981e-182
0            287   1.57619e-176
0            288   7.61254e-171
0            289   4.11535e-165
0            290   2.42789e-159
0            291   1.54103e-153
0            292   1.03251e-147
0            293   6.97724e-142
0            294   4.69964e-136
0            295   3.06795e-130
0            296   1.91361e-124
0            297   1.08318e-118
0            298   5.44895e-113
0            299   2.41783e-107
0            300   9.02622e-102
0            301    2.76765e-96
0            302    7.07648e-91
0            303    1.76453e-85
0            304     7.9097e-80
0            305     7.0164e-74
0            306    6.14948e-68
0            307    3.87052e-62
0            308    1.58408e-56
0            309    3.99332e-51
0            310     5.9522e-46
0            311    4.94332e-41
0            312    2.26403e-36
0            313    5.44407e-32
0            314    6.78242e-28
0            315     4.3012e-24
0            316    1.40077e-20
0            317    2.53275e-17
0            318    2.99689e-14
0            319    2.47946e-11
0            320    1.24917e-08
0            321    3.32665e-06
0            322    0.000430415
0            323      0.0249803
0            324       0.587988
0            325        5.08605
0            326        14.8156
0            327        13.8932
0            328         4.1995
0            329       0.430017
0            330      0.0163398
0            331    0.000256859
0            332     1.8539e-06
0            333    6.56147e-09
0            334    1.17286e-11
0            335     1.0717e-14
0            336    5.09865e-18
0            337    1.29913e-21
0            338    1.84296e-25
0            339    1.49705e-29
0            340    7.01954e-34
0            341    1.97436e-38
0            342    3.76933e-43
0            343    6.21517e-48
0            344    1.23544e-52
0            345    2.65631e-57
0            346    4.51895e-62
0            347    5.37055e-67
0            348    4.41252e-72
0            349    2.56617e-77
0            350    1.08267e-82
0            351    3.40333e-88
0            352    8.31193e-94
0            353     1.6006e-99
0            354   2.53756e-105
0            355   3.35936e-111
0            356   3.88498e-117
0            357   4.00804e-123
0            358   3.86485e-129
0            359    3.4999e-135
0            360   3.11566e-141
0            361   2.78548e-147
0            362    2.5978e-153
0            363   2.57808e-159
0            364              0
0            365              0
0            366              0
0            367              0
0            368              0
0            369              0
0            370              0
0            371              0
0            372              0
0            373              0
0            374              0
0            375              0
0            376              0
0            377              0
0            378              0
0            379              0
0            380              0
0            381              0
0            382              0
0            383              0
0            384              0
0            385              0
0            386              0
0            387              0
0            388              0
0            389              0
0            390              0
0            391              0
0            392              0
0            393   1.04617e-306
0            394   1.15691e-301
0            395   1.33706e-296
0            396   1.59685e-291
0            397   1.97286e-286
0            398   2.52687e-281
0            399     3.317e-276
0            400   4.43944e-271
0            401   5.97039e-266
0            402   8.16197e-261
0            403   1.11824e-255
0            404   1.52924e-250
0            405   2.09448e-245
0            406   2.83315e-240
0            407   3.86111e-235
0            408   5.21989e-230
0            409   7.11343e-225
0            410   1.00769e-219
0            411   1.52202e-214
0            412   2.52541e-209
0            413   4.56508e-204
0            414   9.12929e-199
0            415   1.93409e-193
0            416    4.2671e-188
0            417   9.49803e-183
0            418   2.07943e-177
0            419   4.50065e-172
0            420   9.49161e-167
0            421   1.92246e-161
0            422   3.69423e-156
0            423   6.69114e-151
0            424   1.10282e-145
0            425   1.62428e-140
0            426   2.10565e-135
0            427   2.37956e-130
0            428   2.28247e-125
0            429   1.88014e-120
0            430   1.29443e-115
0            431    7.6128e-111
0            432     3.844e-106
0            433   1.82961e-101
0            434     8.9427e-97
0            435    4.83536e-92
0            436    2.57024e-87
0            437    1.18617e-82
0            438    4.45387e-78
0            439    1.29738e-73
0            440     2.9108e-69
0            441    4.95259e-65
0            442    6.30958e-61
0            443    5.99239e-57
0            444    4.22319e-53
0            445    2.18736e-49
0            446    8.29321e-46
0            447    2.27949e-42
0            448    4.55577e-39
0            449    6.52504e-36
0            450    6.65083e-33
0            451    4.86103e-30
0            452     2.5204e-27
0            453    9.28603e-25
0            454    2.43857e-22
0            455    4.64593e-20
0            456    6.65579e-18
0            457    7.53676e-16
0            458    7.06938e-14
0            459    5.47164e-12
0            460    3.38148e-10
0            461    1.59222e-08
0            462    5.54719e-07
0            463    1.41918e-05
0            464    0.000264339
0            465     0.00353582
0            466      0.0331347
0            467       0.212503
0            468       0.913536
0            469        2.58845
0            470        4.77716
0            471        5.70418
0            472        4.39368
0            473         2.1888
0            474       0.711684
0            475       0.153827
0            476      0.0224936
0            477     0.00228429
0            478    0.000164042
0            479    8.49289e-06
0            480    3.17929e-07
0            481    8.65554e-09
0            482    1.70523e-10
0            483    2.46091e-12
0            484    2.62691e-14
0            485     2.0945e-16
0            486    1.25075e-18
0            487     5.5978e-21
0            488    1.86208e-23
0            489    4.59772e-26
0            490     8.4438e-29
0            491    1.16036e-31
0            492    1.18718e-34
0            493    9.14705e-38
0            494     5.3807e-41
0            495    2.43557e-44
0            496    8.69904e-48
0            497    2.44053e-51
0            498    5.47295e-55
0            499    9.76264e-59
0            500    1.37688e-62
0            501    1.52088e-66
0            502    1.30867e-70
0            503    8.92403e-75
0            504    4.75819e-79
0            505    2.01523e-83
0            506    6.77053e-88
0            507    1.81782e-92
0            508    3.95907e-97
0            509    6.9423e-102
0            510   9.95369e-107
0            511   1.17764e-111
0            512   1.16382e-116
0            513   9.60995e-122
0            514   6.69317e-127
0            515   4.00733e-132
0            516   2.12637e-137
0            517   1.04151e-142
0            518   5.25579e-148
0            519   2.97809e-153
0            520   1.94316e-158
0            521   1.32799e-163
0            522   8.78342e-169
0            523    5.3806e-174
0            524   3.04503e-179
0            525   1.56345e-184
0            526   7.38767e-190
0            527   3.28666e-195
0            528   1.34364e-200
0            529   5.21213e-206
0            530   1.90071e-211
0            531   6.65433e-217
0            532   2.27551e-222
0            533   7.71036e-228
0            534   2.62347e-233
0            535   9.40661e-239
0            536   3.62029e-244
0            537   1.51825e-249
0            538    6.9447e-255
0            539   3.43094e-260
0            540   1.81874e-265
0            541   9.94573e-271
0            542   5.66011e-276
0            543   3.36258e-281
0            544   2.16122e-286
0            545      9.678e-38
0            546    1.80521e-37
0            547    3.11455e-37
0            548    5.73768e-37
0            549    1.66354e-36
0            550    4.54476e-36
0            551    5.55309e-36
0            552     4.0568e-36
0            553    2.01901e-37
0            554    5.59915e-23
0            555    8.10242e-23
0            556    1.18066e-22
0            557    2.21932e-22
0            558    5.27299e-22
0            559    8.65294e-22
0            560    5.86162e-22
0            561    1.68336e-22
0            562    1.09266e-23
0            563    6.49299e-10
0            564    8.38551e-10
0            565    1.09334e-09
0            566     1.5323e-09
0            567    2.04008e-09
0            568    1.71035e-09
0            569    8.08131e-10
0            570    1.40935e-10
0            571    8.20467e-12
0            572        0.79485
0            573       0.803966
0            574       0.803156
0            575       0.734906
0            576       0.493016
0            577       0.183433
0            578      0.0446426
0            579     0.00640657
0            580    0.000203174
0            581          51.52
0            582        50.2827
0            583        47.8153
0            584        38.8551
0            585        20.8641
0            586        5.94759
0            587        1.21787
0            588       0.158291
0            589     0.00362191
0            590    1.71481e-05
0            591    1.90945e-05
0            592    2.19863e-05
0            593    2.74611e-05
0            594    2.62855e-05
0            595    1.44132e-05
0            596    5.15085e-06
0            597    8.47434e-07
0            598    2.09853e-08
