0              0    1.28397e-67
0              1    1.70651e-66
0              2    2.48838e-65
0              3    3.87853e-64
0              4    6.62538e-63
0              5     1.1913e-61
0              6    2.34096e-60
0              7    5.02287e-59
0              8    1.12934e-57
0              9    2.76258e-56
0             10    7.28183e-55
0             11    2.02591e-53
0             12      6.101e-52
0             13    1.97123e-50
0             14    6.68651e-49
0             15    2.46653e-47
0             16    9.55918e-46
0             17    3.85304e-44
0             18    1.62814e-42
0             19    7.13049e-41
0             20    3.25385e-39
0             21    1.49167e-37
0             22    6.96686e-36
0             23    3.35355e-34
0             24    1.55929e-32
0             25    7.34328e-31
0             26    3.43929e-29
0             27    1.55631e-27
0             28    6.97266e-26
0             29    3.02546e-24
0             30    1.30069e-22
0             31    5.41201e-21
0             32    2.12227e-19
0             33    8.03738e-18
0             34      2.925e-16
0             35    9.99776e-15
0             36    3.20388e-13
0             37    9.53981e-12
0             38    2.56336e-10
0             39    6.26277e-09
0             40    1.37106e-07
0             41    2.56461e-06
0             42    4.12152e-05
0             43    0.000563062
0             44     0.00644474
0             45      0.0593702
0             46       0.440646
0             47        2.62143
0             48        12.0691
0             49        42.6359
0             50         114.19
0             51        231.158
0             52        348.897
0             53        391.974
0             54        327.881
0             55         204.44
0             56        95.5334
0             57        33.6236
0             58        9.04337
0             59        1.88799
0             60       0.306051
0             61      0.0395542
0             62     0.00419055
0             63    0.000365422
0             64    2.69259e-05
0             65    1.67279e-06
0             66    9.04521e-08
0             67    4.32397e-09
0             68    1.78428e-10
0             69    6.74527e-12
0             70    2.30691e-13
0             71    7.15558e-15
0             72    2.08992e-16
0             73    5.71888e-18
0             74    1.49438e-19
0             75    3.68837e-21
0             76    8.73055e-23
0             77    2.04799e-24
0             78    4.61111e-26
0             79    1.01422e-27
0             80    2.22208e-29
0             81    4.79383e-31
0             82    1.04313e-32
0             83    2.35032e-34
0             84    5.34089e-36
0             85    1.27074e-37
0             86    3.23834e-39
0             87    8.52364e-41
0             88    2.37286e-42
0             89    6.82609e-44
0             90    2.09487e-45
0             91    3.8635e-111
0             92   2.95694e-109
0             93   2.57812e-107
0             94   2.56014e-105
0             95   2.85756e-103
0             96    3.6182e-101
0             97    5.22495e-99
0             98    8.28142e-97
0             99    1.47447e-94
0            100    2.95708e-92
0            101    6.63146e-90
0            102    1.63272e-87
0            103    4.46729e-85
0            104    1.31576e-82
0            105    4.26499e-80
0            106    1.45889e-77
0            107    5.35894e-75
0            108    2.06503e-72
0            109    8.26051e-70
0            110    3.42169e-67
0            111    1.45561e-64
0            112    6.24255e-62
0            113    2.72419e-59
0            114    1.17302e-56
0            115     5.2858e-54
0            116    2.36925e-51
0            117    1.08697e-48
0            118    5.10879e-46
0            119    2.41526e-43
0            120    1.14253e-40
0            121    5.26232e-38
0            122    2.32751e-35
0            123    9.78472e-33
0            124    3.82785e-30
0            125    1.32708e-27
0            126    4.06573e-25
0            127    1.06915e-22
0            128     2.3873e-20
0            129     4.4254e-18
0            130    6.76684e-16
0            131    8.46039e-14
0            132    8.33716e-12
0            133    6.60161e-10
0            134    4.01238e-08
0            135    1.90591e-06
0            136    6.82748e-05
0            137     0.00180917
0            138      0.0344255
0            139       0.447407
0            140        3.86929
0            141         21.182
0            142        72.0209
0            143        147.905
0            144        181.873
0            145        133.443
0            146        58.7428
0            147         15.736
0            148        2.62815
0            149       0.281156
0            150      0.0200874
0            151     0.00100043
0            152    3.57904e-05
0            153    9.47736e-07
0            154    1.91459e-08
0            155    3.00022e-10
0            156    3.73791e-12
0            157    3.77335e-14
0            158    3.07931e-16
0            159     2.1354e-18
0            160    1.21235e-20
0            161    5.86386e-23
0            162    2.40344e-25
0            163     8.4949e-28
0            164    2.63112e-30
0            165    7.18931e-33
0            166    1.76432e-35
0            167    3.97384e-38
0            168    8.16271e-41
0            169    1.59055e-43
0            170    2.97902e-46
0            171    5.56819e-49
0            172     1.0641e-51
0            173    2.15226e-54
0            174    4.70649e-57
0            175    1.10276e-59
0            176    2.68266e-62
0            177    6.93456e-65
0            178    1.84021e-67
0            179    5.07019e-70
0            180      1.431e-72
0            181    4.20531e-75
0            182   2.00153e-188
0            183   3.27463e-185
0            184   6.92538e-182
0            185   1.86456e-178
0            186    6.2332e-175
0            187   2.64402e-171
0            188   1.38779e-167
0            189   9.03048e-164
0            190   7.28798e-160
0            191   6.98509e-156
0            192   8.01307e-152
0            193   1.09033e-147
0            194   1.74339e-143
0            195   3.16336e-139
0            196   6.54089e-135
0            197   1.49777e-130
0            198   3.80647e-126
0            199   1.03801e-121
0            200   3.04605e-117
0            201   9.22524e-113
0            202   2.91187e-108
0            203   9.65765e-104
0            204    3.47005e-99
0            205    1.49294e-94
0            206    7.90339e-90
0            207    4.95675e-85
0            208    3.17699e-80
0            209    1.82765e-75
0            210    9.12009e-71
0            211    3.74706e-66
0            212    1.20745e-61
0            213      3.037e-57
0            214    5.72019e-53
0            215    7.84723e-49
0            216    7.87568e-45
0            217    5.58761e-41
0            218    2.78254e-37
0            219    9.84992e-34
0            220     2.6492e-30
0            221    5.69081e-27
0            222    1.04669e-23
0            223    1.62472e-20
0            224    1.88751e-17
0            225    1.52404e-14
0            226    7.80732e-12
0            227    2.46321e-09
0            228    4.66415e-07
0            229    5.18477e-05
0            230     0.00328801
0            231       0.111325
0            232        1.89281
0            233        14.8013
0            234        50.1926
0            235        71.1341
0            236        41.7632
0            237        10.3595
0            238        1.13601
0            239      0.0590653
0            240     0.00159626
0            241    2.40729e-05
0            242    2.14306e-07
0            243    1.15871e-09
0            244    3.80147e-12
0            245    7.62894e-15
0            246    9.59252e-18
0            247    7.68442e-21
0            248    4.16479e-24
0            249    1.61947e-27
0            250    4.55036e-31
0            251    9.40651e-35
0            252    1.38531e-38
0            253    1.45858e-42
0            254    1.12093e-46
0            255    6.37553e-51
0            256     2.8871e-55
0            257    1.10894e-59
0            258    3.85872e-64
0            259    1.25119e-68
0            260    3.81092e-73
0            261    1.04983e-77
0            262    2.65771e-82
0            263    6.23057e-87
0            264    1.38266e-91
0            265    2.95488e-96
0            266   6.86331e-101
0            267   1.96411e-105
0            268   7.59763e-110
0            269   3.87978e-114
0            270   2.23471e-118
0            271   1.39164e-122
0            272   9.15681e-127
0            273              0
0            274              0
0            275              0
0            276              0
0            277   6.02758e-307
0            278     1.258e-300
0            279   3.75207e-294
0            280   1.64662e-287
0            281   1.03326e-280
0            282   9.05167e-274
0            283   1.08153e-266
0            284   1.78961e-259
0            285   3.88742e-252
0            286   1.12037e-244
0            287   4.12669e-237
0            288   1.88831e-229
0            289   1.04151e-221
0            290   6.68385e-214
0            291   4.90232e-206
0            292   4.01564e-198
0            293   3.47571e-190
0            294   3.18588e-182
0            295   3.06573e-174
0            296    3.2091e-166
0            297   3.63807e-158
0            298   4.47268e-150
0            299   5.76333e-142
0            300   7.07735e-134
0            301   8.42704e-126
0            302   1.03563e-117
0            303   1.19068e-109
0            304   1.05447e-101
0            305    6.29854e-94
0            306    2.36648e-86
0            307    5.26274e-79
0            308    6.81223e-72
0            309    5.03847e-65
0            310    2.09248e-58
0            311    4.64935e-52
0            312    5.61452e-46
0            313     3.5699e-40
0            314    1.18285e-34
0            315    1.91321e-29
0            316    1.37981e-24
0            317    4.07871e-20
0            318    4.72506e-16
0            319     2.1229e-12
0            320    3.78601e-09
0            321    2.72375e-06
0            322    0.000749775
0            323       0.070516
0            324        1.97651
0            325        14.6138
0            326         26.016
0            327        10.8555
0            328        1.10681
0            329      0.0305291
0            330    0.000262805
0            331    8.14868e-07
0            332    1.01911e-09
0            333    5.39393e-13
0            334    1.23865e-16
0            335    1.27112e-20
0            336    5.79476e-25
0            337    1.12159e-29
0            338    9.14028e-35
0            339    3.28883e-40
0            340    5.52652e-46
0            341    4.62897e-52
0            342    2.06909e-58
0            343    4.91472e-65
0            344    6.14832e-72
0            345     4.0772e-79
0            346    1.50277e-86
0            347    3.34532e-94
0            348   7.93385e-102
0            349   5.01172e-109
0            350   3.62034e-116
0            351   1.89377e-123
0            352   7.21132e-131
0            353   2.03046e-138
0            354   4.46182e-146
0            355   7.79252e-154
0            356   1.14731e-161
0            357   1.45991e-169
0            358   1.70593e-177
0            359   1.84077e-185
0            360   1.94329e-193
0            361   2.06356e-201
0            362   2.31302e-209
0            363   2.80597e-217
0            364              0
0            365              0
0            366              0
0            367              0
0            368              0
0            369              0
0            370              0
0            371              0
0            372              0
0            373              0
0            374              0
0            375              0
0            376              0
0            377              0
0            378              0
0            379              0
0            380              0
0            381              0
0            382              0
0            383              0
0            384              0
0            385              0
0            386              0
0            387              0
0            388              0
0            389              0
0            390              0
0            391              0
0            392              0
0            393              0
0            394              0
0            395              0
0            396              0
0            397              0
0            398              0
0            399              0
0            400              0
0            401              0
0            402              0
0            403              0
0            404              0
0            405              0
0            406              0
0            407              0
0            408              0
0            409   2.20352e-303
0            410   4.62855e-296
0            411   9.24763e-289
0            412   1.75073e-281
0            413   3.02868e-274
0            414   4.91692e-267
0            415    7.2673e-260
0            416    9.9507e-253
0            417   1.27882e-245
0            418   1.67037e-238
0            419   2.80559e-231
0            420   6.90039e-224
0            421   2.05507e-216
0            422   6.01721e-209
0            423    1.6054e-201
0            424   3.67057e-194
0            425   7.05484e-187
0            426   1.12452e-179
0            427   1.47246e-172
0            428   1.53023e-165
0            429   1.28552e-158
0            430   8.36594e-152
0            431   4.30088e-145
0            432   1.68327e-138
0            433   5.18019e-132
0            434    1.2006e-125
0            435   2.17142e-119
0            436   2.97704e-113
0            437   3.09863e-107
0            438   2.47636e-101
0            439     1.4871e-95
0            440    6.79208e-90
0            441    2.35204e-84
0            442    6.16984e-79
0            443    1.22451e-73
0            444    1.80325e-68
0            445    1.89191e-63
0            446    1.36949e-58
0            447    6.62675e-54
0            448    2.13247e-49
0            449    4.46841e-45
0            450    6.04601e-41
0            451    5.33599e-37
0            452    3.00945e-33
0            453    1.07345e-29
0            454    2.38197e-26
0            455    3.26035e-23
0            456    2.74818e-20
0            457    1.42968e-17
0            458    4.67979e-15
0            459    9.85376e-13
0            460    1.38771e-10
0            461    1.32151e-08
0            462    8.40514e-07
0            463    3.51122e-05
0            464    0.000942553
0            465      0.0159459
0            466        0.16561
0            467        1.02952
0            468        3.74036
0            469        7.79329
0            470        9.21226
0            471        6.16236
0            472        2.34986
0            473       0.518388
0            474      0.0677973
0            475     0.00544876
0            476    0.000278447
0            477    9.50947e-06
0            478    2.23194e-07
0            479    3.62428e-09
0            480    3.93342e-11
0            481    2.75609e-13
0            482    1.18641e-15
0            483    3.05992e-18
0            484    4.62092e-21
0            485    4.04416e-24
0            486    2.04476e-27
0            487    6.02244e-31
0            488    1.03125e-34
0            489     1.0358e-38
0            490     6.2165e-43
0            491    2.30315e-47
0            492     5.4339e-52
0            493    8.82198e-57
0            494    1.08069e-61
0            495    1.05297e-66
0            496    8.38109e-72
0            497    5.28761e-77
0            498    2.72464e-82
0            499    1.16118e-87
0            500    4.06469e-93
0            501    1.12859e-98
0            502   2.39907e-104
0            503   3.91956e-110
0            504   4.78682e-116
0            505   4.47631e-122
0            506   3.24295e-128
0            507   1.89285e-134
0            508    9.4575e-141
0            509   4.14083e-147
0            510   1.62094e-153
0            511   5.54693e-160
0            512   1.61079e-166
0            513   3.83305e-173
0            514   7.41804e-180
0            515   1.17196e-186
0            516   1.52534e-193
0            517   1.62496e-200
0            518   1.45926e-207
0            519   1.09114e-214
0            520   7.00181e-222
0            521   3.84478e-229
0            522   1.82817e-236
0            523   7.58193e-244
0            524    2.8023e-251
0            525   9.10927e-259
0            526   2.66362e-266
0            527   7.26444e-274
0            528   1.78147e-281
0            529   4.11093e-289
0            530   8.78221e-297
0            531   1.78112e-304
0            532              0
0            533              0
0            534              0
0            535              0
0            536              0
0            537              0
0            538              0
0            539              0
0            540              0
0            541              0
0            542              0
0            543              0
0            544              0
0            545    4.58962e-45
0            546    7.12893e-45
0            547    1.11122e-44
0            548    3.90724e-44
0            549    2.24728e-43
0            550    3.29351e-43
0            551    9.61346e-44
0            552    1.47338e-44
0            553    8.14274e-45
0            554    1.04508e-26
0            555    1.65188e-26
0            556    2.34623e-26
0            557    4.38397e-26
0            558    1.17919e-25
0            559    1.20695e-25
0            560    7.15404e-26
0            561     1.2309e-26
0            562    1.46163e-27
0            563     4.3678e-11
0            564    5.79008e-11
0            565    7.61943e-11
0            566    1.12977e-10
0            567    1.57209e-10
0            568    9.57025e-11
0            569    2.45596e-11
0            570    5.73735e-12
0            571    1.43017e-13
0            572        1.40063
0            573        1.40954
0            574        1.39289
0            575        1.25705
0            576       0.779178
0            577       0.229654
0            578      0.0416706
0            579     0.00428907
0            580    6.63579e-05
0            581        34.7335
0            582        33.9837
0            583        32.2602
0            584        26.0094
0            585        13.7061
0            586        3.47786
0            587       0.587062
0            588      0.0569939
0            589     0.00112907
0            590    9.05241e-08
0            591     1.1264e-07
0            592    1.39542e-07
0            593     1.8529e-07
0            594    2.26151e-07
0            595    1.14234e-07
0            596    2.64335e-08
0            597    4.21934e-09
0            598    1.46643e-10
