0              0     2.4357e-92
0              1    1.34452e-89
0              2    8.39583e-87
0              3    5.52595e-84
0              4    3.97562e-81
0              5    2.91451e-78
0              6    2.32935e-75
0              7    1.97223e-72
0              8    1.65224e-69
0              9    1.46465e-66
0             10    1.33516e-63
0             11    1.21128e-60
0             12    1.13563e-57
0             13    1.07361e-54
0             14    9.89938e-52
0             15    9.44803e-49
0             16    8.73288e-46
0             17    7.58681e-43
0             18    6.29189e-40
0             19    4.83348e-37
0             20     3.4794e-34
0             21    2.19577e-31
0             22     1.2204e-28
0             23     6.0766e-26
0             24    2.41046e-23
0             25    8.03229e-21
0             26    2.18055e-18
0             27    4.58875e-16
0             28    7.69373e-14
0             29    9.97694e-12
0             30    1.02295e-09
0             31    8.00258e-08
0             32    4.57309e-06
0             33     0.00019325
0             34     0.00585614
0             35       0.122028
0             36        1.71732
0             37        15.9125
0             38        94.3678
0             39        357.082
0             40        846.365
0             41        1238.73
0             42        1121.76
0             43        627.865
0             44        217.342
0             45        47.6191
0             46        6.65931
0             47       0.594266
0             48      0.0353557
0             49     0.00143526
0             50    4.06341e-05
0             51    7.98834e-07
0             52    1.15731e-08
0             53    1.26206e-10
0             54    1.02115e-12
0             55    6.38228e-15
0             56    3.14344e-17
0             57    1.23671e-19
0             58     4.0911e-22
0             59    1.16776e-24
0             60    2.79549e-27
0             61    5.88486e-30
0             62    1.12946e-32
0             63     1.8971e-35
0             64    2.88143e-38
0             65      3.797e-41
0             66    4.57069e-44
0             67    5.19741e-47
0             68    5.16599e-50
0             69    5.05683e-53
0             70    4.78341e-56
0             71    4.28286e-59
0             72    3.88786e-62
0             73    3.54594e-65
0             74    3.32749e-68
0             75    3.16639e-71
0             76    3.12281e-74
0             77    3.41815e-77
0             78    3.89413e-80
0             79    4.82543e-83
0             80    6.64692e-86
0             81    9.72798e-89
0             82    1.57889e-91
0             83    2.90927e-94
0             84      5.665e-97
0             85    1.26812e-99
0             86   3.28992e-102
0             87    9.1997e-105
0             88   3.01609e-107
0             89   1.10627e-109
0             90   4.81058e-112
0             91   4.03684e-169
0             92    4.3554e-164
0             93   5.58363e-159
0             94   8.24827e-154
0             95   1.39708e-148
0             96   2.64526e-143
0             97   5.75806e-138
0             98   1.31689e-132
0             99   3.28612e-127
0            100   8.97234e-122
0            101   2.60724e-116
0            102   7.73837e-111
0            103   2.33586e-105
0            104   6.73675e-100
0            105    1.86118e-94
0            106    4.53508e-89
0            107    9.97662e-84
0            108    1.90745e-78
0            109    3.11593e-73
0            110     4.3857e-68
0            111      5.257e-63
0            112    5.18848e-58
0            113    4.20957e-53
0            114    2.52936e-48
0            115    1.19335e-43
0            116    3.86922e-39
0            117    8.63563e-35
0            118    1.28023e-30
0            119    1.20634e-26
0            120    7.11979e-23
0            121    2.53641e-19
0            122    5.34642e-16
0            123    6.62252e-13
0            124    4.68619e-10
0            125    1.81838e-07
0            126    3.81539e-05
0            127     0.00414594
0            128       0.222884
0            129        5.59403
0            130        62.7282
0            131        302.688
0            132        608.908
0            133        507.043
0            134        175.345
0            135        25.4462
0            136        1.60639
0            137      0.0459672
0            138    0.000624205
0            139    4.33356e-06
0            140    1.55471e-08
0            141    3.11479e-11
0            142     3.4324e-14
0            143    2.20132e-17
0            144    8.37532e-21
0            145    1.92854e-24
0            146    2.80794e-28
0            147    2.63401e-32
0            148    1.64416e-36
0            149    6.72267e-41
0            150    1.89954e-45
0            151    3.79068e-50
0            152    5.39678e-55
0            153    5.64506e-60
0            154    4.63351e-65
0            155    3.09618e-70
0            156    1.80477e-75
0            157    9.46132e-81
0            158    4.30953e-86
0            159    1.91291e-91
0            160    7.40744e-97
0            161   2.69044e-102
0            162   9.05818e-108
0            163    2.9584e-113
0            164   9.62279e-119
0            165   3.15645e-124
0            166   1.07513e-129
0            167   4.00544e-135
0            168   1.57724e-140
0            169   7.14902e-146
0            170   3.57253e-151
0            171    2.0943e-156
0            172   1.40724e-161
0            173   1.12758e-166
0            174   1.09982e-171
0            175   1.30419e-176
0            176   1.79901e-181
0            177   3.15896e-186
0            178   6.99326e-191
0            179   1.93483e-195
0            180   6.89076e-200
0            181   3.18772e-204
0            182              0
0            183              0
0            184   3.90307e-298
0            185   5.54687e-288
0            186   9.77465e-278
0            187   2.23324e-267
0            188   5.97164e-257
0            189   1.83819e-246
0            190   6.38326e-236
0            191   2.18592e-225
0            192   7.42292e-215
0            193   2.38282e-204
0            194   6.89106e-194
0            195   1.61912e-183
0            196   3.08402e-173
0            197    4.3936e-163
0            198   4.51768e-153
0            199   3.12897e-143
0            200   1.40862e-133
0            201   3.72118e-124
0            202   5.72798e-115
0            203   4.84793e-106
0            204    2.13382e-97
0            205    5.07216e-89
0            206    6.97966e-81
0            207    7.59895e-73
0            208    6.15207e-65
0            209    2.58537e-57
0            210    4.95304e-50
0            211    3.97715e-43
0            212    1.24609e-36
0            213    1.44915e-30
0            214    5.73544e-25
0            215    7.29221e-20
0            216    2.97731e-15
0            217    3.76114e-11
0            218     1.4504e-07
0            219    0.000164847
0            220      0.0520243
0            221        4.02076
0            222        69.2507
0            223        247.408
0            224        177.136
0            225        25.6146
0            226       0.789811
0            227     0.00565699
0            228    1.04776e-05
0            229    5.55804e-09
0            230     8.9951e-13
0            231    4.81136e-17
0            232    8.49564e-22
0            233    5.27361e-27
0            234    1.15425e-32
0            235    8.75438e-39
0            236    2.40798e-45
0            237    2.33721e-52
0            238    8.25829e-60
0            239    1.11748e-67
0            240    6.42156e-76
0            241    1.62637e-84
0            242    2.03626e-93
0            243   1.45184e-102
0            244   6.15715e-112
0            245   1.74057e-121
0            246    3.7347e-131
0            247   6.42652e-141
0            248   9.60472e-151
0            249    1.2217e-160
0            250   1.19578e-170
0            251   9.54903e-181
0            252   6.08591e-191
0            253   3.26678e-201
0            254   1.54117e-211
0            255   6.41232e-222
0            256    2.6319e-232
0            257   1.08509e-242
0            258   4.90556e-253
0            259   2.48448e-263
0            260   1.53346e-273
0            261   1.15611e-283
0            262   1.16599e-293
0            263   1.61149e-303
0            264              0
0            265              0
0            266              0
0            267              0
0            268              0
0            269              0
0            270              0
0            271              0
0            272              0
0            273              0
0            274              0
0            275              0
0            276              0
0            277              0
0            278              0
0            279              0
0            280              0
0            281              0
0            282              0
0            283              0
0            284              0
0            285              0
0            286              0
0            287              0
0            288              0
0            289    1.4821e-297
0            290   3.22746e-278
0            291   5.80784e-259
0            292   5.51998e-240
0            293   1.89826e-221
0            294    2.0423e-203
0            295   6.31081e-186
0            296   5.79508e-169
0            297   1.67153e-152
0            298   1.50156e-136
0            299   3.16661e-121
0            300   1.15119e-106
0            301    6.36757e-93
0            302     5.3603e-80
0            303     6.7506e-68
0            304    1.16203e-56
0            305     2.3886e-46
0            306    5.21775e-37
0            307    1.11615e-28
0            308    2.38345e-21
0            309    5.31198e-15
0            310    1.26939e-09
0            311    2.99299e-05
0            312      0.0619833
0            313        9.36461
0            314        89.0754
0            315        49.1917
0            316        1.61131
0            317     0.00353811
0            318    6.19801e-07
0            319     9.9701e-12
0            320    1.56568e-17
0            321    2.36758e-24
0            322    3.36027e-32
0            323    4.59901e-41
0            324    6.87622e-51
0            325    1.31659e-61
0            326      3.781e-73
0            327    1.52092e-85
0            328    8.76758e-99
0            329   7.44269e-113
0            330   1.02255e-127
0            331   2.64583e-143
0            332   1.77647e-159
0            333   4.00337e-176
0            334   3.06799e-193
0            335   7.57658e-211
0            336   6.13784e-229
0            337   1.66046e-247
0            338   1.63694e-266
0            339    6.9907e-286
0            340   1.34703e-305
0            341              0
0            342              0
0            343              0
0            344              0
0            345              0
0            346              0
0            347              0
0            348              0
0            349              0
0            350              0
0            351              0
0            352              0
0            353              0
0            354              0
0            355              0
0            356              0
0            357              0
0            358              0
0            359              0
0            360              0
0            361              0
0            362              0
0            363              0
0            364              0
0            365              0
0            366              0
0            367              0
0            368              0
0            369              0
0            370              0
0            371              0
0            372              0
0            373              0
0            374              0
0            375              0
0            376              0
0            377              0
0            378              0
0            379              0
0            380              0
0            381              0
0            382              0
0            383              0
0            384              0
0            385              0
0            386              0
0            387              0
0            388              0
0            389              0
0            390              0
0            391              0
0            392              0
0            393              0
0            394              0
0            395              0
0            396              0
0            397              0
0            398              0
0            399              0
0            400              0
0            401              0
0            402              0
0            403              0
0            404              0
0            405              0
0            406              0
0            407              0
0            408              0
0            409              0
0            410              0
0            411              0
0            412   1.56295e-295
0            413   6.16975e-280
0            414   1.53302e-264
0            415   2.63878e-249
0            416   3.45835e-234
0            417   2.41718e-219
0            418   6.83983e-205
0            419   7.45382e-191
0            420   2.94336e-177
0            421   4.05192e-164
0            422   1.90801e-151
0            423   3.09691e-139
0            424    1.6533e-127
0            425   2.85519e-116
0            426   1.56973e-105
0            427    2.73005e-95
0            428    1.43263e-85
0            429    2.31853e-76
0            430    1.09723e-67
0            431    1.54414e-59
0            432    6.21946e-52
0            433    7.32436e-45
0            434    2.42004e-38
0            435    2.31173e-32
0            436     6.2638e-27
0            437    4.89458e-22
0            438    1.17223e-17
0            439    9.22432e-14
0            440    2.67342e-10
0            441    2.94645e-07
0            442    0.000116149
0            443      0.0151858
0            444       0.626463
0            445        7.87703
0            446        29.5479
0            447         32.612
0            448        10.5648
0            449        1.01645
0            450       0.029856
0            451    0.000275502
0            452    8.29527e-07
0            453    8.22472e-10
0            454     2.6374e-13
0            455      2.637e-17
0            456    8.02809e-22
0            457    7.48719e-27
0            458     2.1683e-32
0            459     2.0148e-38
0            460    5.91405e-45
0            461    5.51858e-52
0            462    1.66467e-59
0            463     1.5932e-67
0            464    4.85041e-76
0            465     4.6514e-85
0            466    1.42256e-94
0            467   1.38476e-104
0            468   4.29815e-115
0            469   4.35016e-126
0            470   1.47729e-137
0            471    1.6636e-149
0            472   6.55833e-162
0            473   8.91457e-175
0            474   4.24456e-188
0            475   7.65954e-202
0            476   4.95769e-216
0            477   1.27866e-230
0            478   1.24587e-245
0            479   5.00049e-261
0            480   8.00144e-277
0            481   5.76431e-293
0            482              0
0            483              0
0            484              0
0            485              0
0            486              0
0            487              0
0            488              0
0            489              0
0            490              0
0            491              0
0            492              0
0            493              0
0            494              0
0            495              0
0            496              0
0            497              0
0            498              0
0            499              0
0            500              0
0            501              0
0            502              0
0            503              0
0            504              0
0            505              0
0            506              0
0            507              0
0            508              0
0            509              0
0            510              0
0            511              0
0            512              0
0            513              0
0            514              0
0            515              0
0            516              0
0            517              0
0            518              0
0            519              0
0            520              0
0            521              0
0            522              0
0            523              0
0            524              0
0            525              0
0            526              0
0            527              0
0            528              0
0            529              0
0            530              0
0            531              0
0            532              0
0            533              0
0            534              0
0            535              0
0            536              0
0            537              0
0            538              0
0            539              0
0            540              0
0            541              0
0            542              0
0            543              0
0            544              0
0            545    1.08209e-28
0            546    1.08511e-28
0            547    1.32222e-28
0            548    1.94907e-28
0            549     2.1684e-28
0            550    1.71626e-29
0            551    1.56536e-31
0            552    3.86344e-33
0            553    1.86259e-44
0            554    2.24892e-06
0            555    2.53892e-06
0            556    2.83354e-06
0            557    3.05884e-06
0            558    1.93323e-06
0            559    2.49288e-07
0            560    6.43924e-09
0            561    2.11806e-10
0            562    2.08506e-23
0            563        721.059
0            564        687.148
0            565        620.986
0            566        436.124
0            567        163.634
0            568        19.1949
0            569       0.958456
0            570      0.0300398
0            571    3.60496e-16
0            572    2.11903e-07
0            573    2.46648e-07
0            574    2.79141e-07
0            575    3.05098e-07
0            576    1.89041e-07
0            577    2.58358e-08
0            578    1.37716e-09
0            579    1.35694e-11
0            580    1.18166e-23
0            581    1.03576e-30
0            582    1.88299e-30
0            583    2.83403e-30
0            584    3.93456e-30
0            585     2.6633e-30
0            586    1.90558e-31
0            587    5.90854e-33
0            588    1.02399e-35
0            589    6.45769e-45
0            590    4.19541e-63
0            591     8.3585e-63
0            592    1.66639e-62
0            593    3.86239e-62
0            594    2.69595e-62
0            595    3.70973e-64
0            596    3.01045e-66
0            597    2.99102e-70
0            598    2.44229e-77
