0              0    7.27221e-30
0              1    4.97197e-29
0              2    3.55387e-28
0              3    2.60355e-27
0              4    1.97742e-26
0              5    1.53132e-25
0              6    1.23525e-24
0              7    1.02863e-23
0              8    8.68674e-23
0              9    7.59728e-22
0             10    6.81908e-21
0             11    6.21906e-20
0             12    5.82277e-19
0             13    5.54358e-18
0             14    5.30534e-17
0             15    5.19721e-16
0             16    5.09456e-15
0             17    4.93835e-14
0             18    4.75231e-13
0             19    4.48295e-12
0             20    4.15705e-11
0             21    3.70506e-10
0             22    3.18115e-09
0             23    2.66124e-08
0             24    2.09374e-07
0             25    1.58127e-06
0             26     1.1368e-05
0             27    7.62088e-05
0             28     0.00047803
0             29     0.00275583
0             30      0.0146058
0             31      0.0698594
0             32       0.295832
0             33        1.11273
0             34        3.67818
0             35        10.5421
0             36        26.0731
0             37        55.2406
0             38        99.4222
0             39        151.956
0             40        196.171
0             41         213.03
0             42        194.711
0             43        149.806
0             44        96.9956
0             45        53.2955
0             46        24.8982
0             47        9.87601
0             48        3.37804
0             49        1.00426
0             50       0.261621
0             51      0.0596976
0             52      0.0122293
0             53     0.00227545
0             54    0.000384065
0             55    5.99204e-05
0             56    8.73174e-06
0             57    1.19502e-06
0             58    1.56246e-07
0             59    1.96598e-08
0             60    2.35234e-09
0             61    2.72277e-10
0             62     3.0927e-11
0             63    3.40993e-12
0             64    3.69927e-13
0             65     3.9008e-14
0             66    4.07039e-15
0             67    4.23954e-16
0             68    4.29582e-17
0             69    4.40104e-18
0             70    4.51987e-19
0             71    4.63455e-20
0             72    4.86119e-21
0             73    5.21221e-22
0             74    5.78242e-23
0             75    6.62339e-24
0             76    7.90922e-25
0             77     1.0039e-25
0             78    1.32531e-26
0             79    1.83192e-27
0             80    2.65528e-28
0             81    3.96981e-29
0             82    6.15562e-30
0             83    9.93375e-31
0             84    1.63211e-31
0             85     2.7776e-32
0             86    4.91676e-33
0             87    8.87252e-34
0             88    1.66247e-34
0             89    3.19756e-35
0             90    6.42048e-36
0             91    1.49064e-45
0             92    2.63414e-44
0             93    4.90858e-43
0             94    9.57414e-42
0             95    1.96063e-40
0             96    4.17351e-39
0             97    9.31107e-38
0             98    2.12794e-36
0             99    5.02067e-35
0            100    1.22455e-33
0            101    3.07021e-32
0            102    7.86315e-31
0            103    2.05807e-29
0            104    5.44754e-28
0            105    1.45564e-26
0            106    3.85091e-25
0            107    1.01278e-23
0            108    2.62193e-22
0            109    6.64312e-21
0            110    1.65182e-19
0            111    4.02514e-18
0            112    9.57663e-17
0            113    2.23813e-15
0            114    5.00592e-14
0            115    1.09096e-12
0            116    2.22871e-11
0            117    4.25346e-10
0            118    7.47592e-09
0            119    1.19046e-07
0            120     1.7031e-06
0            121    2.15403e-05
0            122    0.000237766
0            123     0.00226687
0            124      0.0183062
0            125       0.122222
0            126       0.664628
0            127        2.88363
0            128        9.81708
0            129        25.7948
0            130        51.7749
0            131        78.7233
0            132        90.0726
0            133        77.4926
0            134        50.2513
0            135        24.6342
0            136        9.22842
0            137         2.6721
0            138         0.6059
0            139       0.110304
0            140      0.0162274
0            141     0.00199445
0            142    0.000205577
0            143    1.82691e-05
0            144    1.41782e-06
0            145    9.71223e-08
0            146    5.97066e-09
0            147    3.32311e-10
0            148    1.69721e-11
0            149    7.96115e-13
0            150    3.50022e-14
0            151    1.45875e-15
0            152    5.79144e-17
0            153    2.21084e-18
0            154    8.24372e-20
0            155    3.01868e-21
0            156    1.10025e-22
0            157    4.01672e-24
0            158    1.45707e-25
0            159    5.42186e-27
0            160    2.01148e-28
0            161    7.59015e-30
0            162    2.89615e-31
0            163    1.12657e-32
0            164    4.48709e-34
0            165    1.83079e-35
0            166    7.69634e-37
0            167    3.36658e-38
0            168     1.5184e-39
0            169    7.18162e-41
0            170    3.53128e-42
0            171    1.82255e-43
0            172    9.81269e-45
0            173    5.54095e-46
0            174    3.29065e-47
0            175    2.04947e-48
0            176     1.3242e-49
0            177    9.04682e-51
0            178      6.491e-52
0            179    4.90087e-53
0            180    3.89852e-54
0            181    3.28098e-55
0            182    8.15868e-70
0            183    7.44253e-68
0            184    7.17133e-66
0            185     7.2428e-64
0            186    7.51388e-62
0            187    8.08737e-60
0            188    8.85373e-58
0            189    9.84029e-56
0            190    1.10812e-53
0            191    1.23517e-51
0            192    1.36975e-49
0            193    1.50468e-47
0            194     1.6352e-45
0            195    1.74791e-43
0            196    1.88353e-41
0            197     2.0996e-39
0            198    2.54693e-37
0            199    3.52213e-35
0            200    5.57952e-33
0            201    9.46021e-31
0            202     1.6034e-28
0            203    2.54293e-26
0            204     3.6011e-24
0            205    4.47642e-22
0            206    4.74687e-20
0            207     4.3186e-18
0            208    3.35776e-16
0            209    2.22441e-14
0            210    1.27108e-12
0            211    6.20826e-11
0            212    2.55783e-09
0            213    8.80563e-08
0            214    2.47926e-06
0            215    5.58385e-05
0            216    0.000990478
0            217      0.0133686
0            218       0.132556
0            219       0.927616
0            220        4.41872
0            221        13.7577
0            222        27.3393
0            223         34.144
0            224        26.6692
0            225        13.0923
0            226        4.11304
0            227       0.848656
0            228       0.119065
0            229      0.0118177
0            230    0.000859384
0            231      4.778e-05
0            232    2.06535e-06
0            233     7.1827e-08
0            234    2.04889e-09
0            235    4.87342e-11
0            236    9.95182e-13
0            237    1.74439e-14
0            238    2.63319e-16
0            239    3.42058e-18
0            240    3.85355e-20
0            241    3.73343e-22
0            242    3.14961e-24
0            243    2.37164e-26
0            244    1.62293e-28
0            245    1.05246e-30
0            246    6.78468e-33
0            247    4.48964e-35
0            248    3.20062e-37
0            249    2.51601e-39
0            250    2.13089e-41
0            251       1.91e-43
0            252    1.73862e-45
0            253    1.57951e-47
0            254    1.42028e-49
0            255    1.25064e-51
0            256    1.09427e-53
0            257    9.52604e-56
0            258    8.34823e-58
0            259    7.39059e-60
0            260    6.70256e-62
0            261    6.21867e-64
0            262    6.01142e-66
0            263    6.09713e-68
0            264    6.53295e-70
0            265    7.37343e-72
0            266    8.96689e-74
0            267    1.17615e-75
0            268     1.6642e-77
0            269    2.57844e-79
0            270    4.32649e-81
0            271     7.9764e-83
0            272    1.62492e-84
0            273   4.18153e-111
0            274   6.26939e-108
0            275   1.07241e-104
0            276   2.05085e-101
0            277    4.26422e-98
0            278    9.50822e-95
0            279    2.21407e-91
0            280    5.38584e-88
0            281    1.33914e-84
0            282    3.37493e-81
0            283    8.45961e-78
0            284    2.10924e-74
0            285    5.13626e-71
0            286    1.22606e-67
0            287    2.84407e-64
0            288    6.46751e-61
0            289    1.47234e-57
0            290    3.43348e-54
0            291    8.30837e-51
0            292    2.04968e-47
0            293    4.86878e-44
0            294    1.05755e-40
0            295    2.01011e-37
0            296    3.24433e-34
0            297    4.27716e-31
0            298    4.53895e-28
0            299    3.82907e-25
0            300    2.47751e-22
0            301    1.18815e-19
0            302    4.14162e-17
0            303    1.03767e-14
0            304    1.87408e-12
0            305    2.46625e-10
0            306    2.36299e-08
0            307    1.61032e-06
0            308    7.59083e-05
0            309     0.00236548
0            310      0.0457714
0            311       0.506097
0            312        2.97635
0            313        8.73994
0            314        12.3445
0            315        8.26139
0            316         2.6529
0            317       0.425761
0            318       0.036378
0            319      0.0017912
0            320    5.50887e-05
0            321    1.12677e-06
0            322    1.59527e-08
0            323    1.58804e-10
0            324    1.11491e-12
0            325    5.49313e-15
0            326    1.93828e-17
0            327    4.99118e-20
0            328     9.9368e-23
0            329    1.60309e-25
0            330    2.14141e-28
0            331    2.32135e-31
0            332    2.00178e-34
0            333    1.35454e-37
0            334    7.28974e-41
0            335    3.31629e-44
0            336    1.45972e-47
0            337      7.478e-51
0            338    4.74416e-54
0            339    3.29353e-57
0            340    2.19607e-60
0            341    1.33768e-63
0            342    7.48862e-67
0            343    3.85457e-70
0            344    1.84358e-73
0            345    8.27739e-77
0            346    3.57846e-80
0            347    1.50856e-83
0            348    6.28568e-87
0            349    2.64169e-90
0            350    1.14087e-93
0            351    5.16662e-97
0            352   2.52763e-100
0            353   1.35733e-103
0            354   8.38253e-107
0            355   6.13519e-110
0            356    5.5666e-113
0            357   6.35302e-116
0            358   9.02946e-119
0            359   1.52552e-121
0            360   2.99901e-124
0            361   6.70162e-127
0            362   1.69598e-129
0            363   4.83394e-132
0            364   2.22491e-171
0            365   4.78041e-169
0            366   1.05457e-166
0            367   2.37175e-164
0            368    5.4358e-162
0            369   1.25964e-159
0            370    2.9802e-157
0            371   7.14775e-155
0            372   1.72924e-152
0            373   4.20901e-150
0            374   1.02931e-147
0            375   2.53435e-145
0            376   6.22191e-143
0            377   1.52623e-140
0            378   3.73783e-138
0            379   9.10156e-136
0            380   2.18872e-133
0            381   5.22642e-131
0            382   1.22442e-128
0            383   2.84931e-126
0            384   6.57015e-124
0            385   1.52097e-121
0            386   3.79995e-119
0            387   1.19478e-116
0            388   5.63649e-114
0            389   3.74194e-111
0            390    2.9031e-108
0            391   2.34545e-105
0            392   1.91843e-102
0            393    1.55571e-99
0            394    1.25043e-96
0            395    9.87384e-94
0            396    7.58059e-91
0            397     5.6082e-88
0            398    3.97952e-85
0            399    2.67741e-82
0            400    1.69223e-79
0            401    9.92751e-77
0            402    5.41983e-74
0            403    2.72725e-71
0            404    1.25988e-68
0            405    5.35842e-66
0            406    2.08598e-63
0            407    7.54193e-61
0            408    2.52639e-58
0            409    7.93833e-56
0            410    2.36956e-53
0            411    6.74375e-51
0            412    1.82094e-48
0            413    4.55246e-46
0            414    1.04597e-43
0            415    2.15686e-41
0            416    3.96348e-39
0            417     6.4312e-37
0            418     9.1548e-35
0            419    1.15065e-32
0            420    1.27533e-30
0            421    1.24795e-28
0            422    1.08025e-26
0            423    8.30854e-25
0            424    5.64931e-23
0            425    3.38497e-21
0            426    1.78128e-19
0            427    8.22392e-18
0            428    3.30634e-16
0            429    1.16229e-14
0            430    3.54233e-13
0            431    9.37466e-12
0            432    2.13372e-10
0            433    4.17165e-09
0            434    6.91462e-08
0            435    9.71473e-07
0            436    1.14535e-05
0            437    0.000112617
0            438     0.00091949
0            439     0.00614884
0            440      0.0332937
0            441       0.143539
0            442       0.484691
0            443        1.26377
0            444        2.51393
0            445        3.77909
0            446        4.27056
0            447        3.62149
0            448        2.30863
0            449        1.11291
0            450        0.40968
0            451       0.116342
0            452      0.0259016
0            453     0.00459802
0            454    0.000663505
0            455    7.91333e-05
0            456      7.899e-06
0            457    6.65431e-07
0            458    4.73845e-08
0            459    2.86013e-09
0            460    1.45558e-10
0            461    6.26004e-12
0            462    2.29177e-13
0            463     7.1619e-15
0            464    1.92666e-16
0            465    4.48867e-18
0            466    9.13624e-20
0            467    1.63119e-21
0            468    2.56014e-23
0            469    3.54301e-25
0            470    4.33263e-27
0            471    4.65489e-29
0            472     4.4181e-31
0            473    3.68277e-33
0            474     2.6988e-35
0            475    1.75769e-37
0            476    1.00801e-39
0            477    5.16912e-42
0            478    2.35159e-44
0            479    9.61201e-47
0            480     3.5125e-49
0            481    1.16516e-51
0            482     3.4899e-54
0            483    9.55663e-57
0            484    2.39754e-59
0            485    5.52795e-62
0            486    1.17439e-64
0            487    2.31991e-67
0            488    4.24327e-70
0            489    7.19505e-73
0            490    1.13683e-75
0            491    1.68592e-78
0            492    2.33777e-81
0            493    3.06305e-84
0            494    3.84091e-87
0            495    4.64924e-90
0            496    5.62677e-93
0            497    6.98578e-96
0            498    9.45156e-99
0            499   1.44355e-101
0            500   2.48847e-104
0            501   4.65462e-107
0            502   9.05868e-110
0            503   1.80509e-112
0            504   3.60203e-115
0            505     7.247e-118
0            506   1.47736e-120
0            507   3.10021e-123
0            508   6.85171e-126
0            509    1.6044e-128
0            510   4.01637e-131
0            511   1.06775e-133
0            512    2.9793e-136
0            513   8.56337e-139
0            514   2.50556e-141
0            515   7.42848e-144
0            516   2.22902e-146
0            517   6.72307e-149
0            518   2.05439e-151
0            519   6.32415e-154
0            520   1.97697e-156
0            521   6.27066e-159
0            522   2.01892e-161
0            523   6.63028e-164
0            524   2.22872e-166
0            525   7.64196e-169
0            526   2.68646e-171
0            527   9.81575e-174
0            528   3.67382e-176
0            529   1.43047e-178
0            530    5.7604e-181
0            531   2.41997e-183
0            532   1.06555e-185
0            533   4.92646e-188
0            534   2.38581e-190
0            535   1.22665e-192
0            536   6.67828e-195
0            537   3.85099e-197
0            538   2.36654e-199
0            539   1.55347e-201
0            540   1.09692e-203
0            541   8.23416e-206
0            542   6.60299e-208
0            543   5.64518e-210
0            544   5.17256e-212
0            545    2.42047e-08
0            546    2.63487e-08
0            547    3.02674e-08
0            548    3.69516e-08
0            549    4.21972e-08
0            550    3.31923e-08
0            551    1.61533e-08
0            552    5.86209e-09
0            553     1.1035e-09
0            554       0.294144
0            555       0.293555
0            556       0.292222
0            557       0.272158
0            558       0.204497
0            559       0.092357
0            560      0.0317836
0            561     0.00672636
0            562    0.000646065
0            563        93.1897
0            564        90.7703
0            565        86.6063
0            566        72.3111
0            567        41.9501
0            568        14.5384
0            569        3.98363
0            570       0.771872
0            571      0.0689278
0            572      0.0422557
0            573      0.0429255
0            574      0.0432894
0            575      0.0422422
0            576      0.0333137
0            577      0.0167265
0            578     0.00583593
0            579     0.00124661
0            580    0.000150089
0            581    1.14732e-09
0            582    1.26412e-09
0            583    1.41991e-09
0            584    1.76723e-09
0            585    2.05353e-09
0            586    1.68432e-09
0            587    8.89051e-10
0            588    2.73002e-10
0            589    4.28807e-11
0            590    2.47378e-19
0            591    3.17922e-19
0            592    4.28478e-19
0            593    6.14505e-19
0            594    8.89264e-19
0            595    9.19629e-19
0            596    1.05515e-18
0            597    5.07029e-19
0            598    2.03773e-19
