0              0    2.87264e-42
0              1    2.67909e-41
0              2    2.67974e-40
0              3    2.81518e-39
0              4    3.15749e-38
0              5    3.69337e-37
0              6    4.62037e-36
0              7    6.11026e-35
0              8    8.29985e-34
0              9    1.18508e-32
0             10    1.75491e-31
0             11    2.65697e-30
0             12    4.17715e-29
0             13    6.77028e-28
0             14     1.1213e-26
0             15    1.95473e-25
0             16    3.50111e-24
0             17    6.35025e-23
0             18    1.16715e-21
0             19    2.12561e-20
0             20    3.82247e-19
0             21    6.55373e-18
0             22    1.07032e-16
0             23    1.68578e-15
0             24    2.44916e-14
0             25    3.39037e-13
0             26    4.47202e-12
0             27    5.55106e-11
0             28    6.60896e-10
0             29    7.44456e-09
0             30    7.97782e-08
0             31    7.92976e-07
0             32    7.10546e-06
0             33    5.77664e-05
0             34    0.000421343
0             35     0.00271334
0             36       0.015398
0             37      0.0764898
0             38       0.328491
0             39        1.22689
0             40        3.96346
0             41        10.9373
0             42        25.9864
0             43        53.2122
0             44        94.0312
0             45        142.878
0             46        187.709
0             47        213.415
0             48        209.584
0             49        178.001
0             50        130.758
0             51        82.8275
0             52        45.4178
0             53        21.5962
0             54        8.85671
0             55        3.14389
0             56       0.967106
0             57        0.25723
0             58       0.059567
0             59      0.0120502
0             60     0.00210342
0             61    0.000320788
0             62     4.3318e-05
0             63    5.14927e-06
0             64    5.49178e-07
0             65    5.24806e-08
0             66    4.63927e-09
0             67    3.86749e-10
0             68     2.9899e-11
0             69    2.24448e-12
0             70    1.60804e-13
0             71    1.09127e-14
0             72    7.15183e-16
0             73    4.47357e-17
0             74    2.69737e-18
0             75    1.55267e-19
0             76    8.64803e-21
0             77    4.80038e-22
0             78    2.60364e-23
0             79    1.40609e-24
0             80    7.69976e-26
0             81     4.2429e-27
0             82    2.39588e-28
0             83     1.4104e-29
0             84    8.45867e-31
0             85    5.30785e-32
0             86    3.53935e-33
0             87    2.44441e-34
0             88    1.78594e-35
0             89    1.35988e-36
0             90     1.1058e-37
0             91    3.21691e-66
0             92    1.19027e-64
0             93    5.08359e-63
0             94     2.5626e-61
0             95    1.54208e-59
0             96    1.07385e-57
0             97    8.40398e-56
0             98    6.89439e-54
0             99    5.83144e-52
0            100    4.99854e-50
0            101    4.25139e-48
0            102    3.52826e-46
0            103    2.84289e-44
0            104    2.19666e-42
0            105    1.62638e-40
0            106    1.13925e-38
0            107    7.76463e-37
0            108    5.35295e-35
0            109    4.03361e-33
0            110    3.58542e-31
0            111    3.64641e-29
0            112    3.79437e-27
0            113    3.73123e-25
0            114     3.2044e-23
0            115    2.43201e-21
0            116    1.54473e-19
0            117    8.23143e-18
0            118    3.63811e-16
0            119    1.31967e-14
0            120    3.96003e-13
0            121    9.98087e-12
0            122    2.20092e-10
0            123    4.48149e-09
0            124    8.46533e-08
0            125    1.40284e-06
0            126    1.92244e-05
0            127    0.000209454
0            128     0.00181489
0            129      0.0127432
0            130      0.0742011
0            131       0.360031
0            132        1.43241
0            133        4.68895
0            134        12.5159
0            135        27.4255
0            136         49.005
0            137        71.2594
0            138        84.2248
0            139        81.0049
0            140        63.5134
0            141        40.7816
0            142        21.4113
0            143        9.21816
0            144        3.25165
0            145       0.940335
0            146       0.224757
0            147      0.0447343
0            148     0.00744969
0            149     0.00102727
0            150    0.000116437
0            151    1.07571e-05
0            152    8.03129e-07
0            153    4.86281e-08
0            154    2.41891e-09
0            155     9.9463e-11
0            156    3.42177e-12
0            157    9.90953e-14
0            158    2.39065e-15
0            159    4.96763e-17
0            160    8.63038e-19
0            161     1.2979e-20
0            162    1.70021e-22
0            163    1.99978e-24
0            164    2.18357e-26
0            165    2.27673e-28
0            166    2.33996e-30
0            167    2.42748e-32
0            168    2.51989e-34
0            169    2.67746e-36
0            170    2.94372e-38
0            171    3.51148e-40
0            172    4.79633e-42
0            173    7.83829e-44
0            174     1.5084e-45
0            175    3.21042e-47
0            176    7.10755e-49
0            177    1.63001e-50
0            178    3.77002e-52
0            179    8.88189e-54
0            180     2.1159e-55
0            181    5.16524e-57
0            182    9.1218e-106
0            183   2.05922e-103
0            184   5.79976e-101
0            185    2.13959e-98
0            186    1.02996e-95
0            187    6.33972e-93
0            188    4.57962e-90
0            189    3.68387e-87
0            190    3.18666e-84
0            191    2.81006e-81
0            192    2.50966e-78
0            193    2.22996e-75
0            194    1.94408e-72
0            195    1.62571e-69
0            196     1.3282e-66
0            197    1.08322e-63
0            198    9.49052e-61
0            199    9.80832e-58
0            200    1.22838e-54
0            201    1.68848e-51
0            202    2.36221e-48
0            203    3.27064e-45
0            204    4.65022e-42
0            205    7.31334e-39
0            206    1.23083e-35
0            207    2.06688e-32
0            208    3.11272e-29
0            209    3.79761e-26
0            210    3.53458e-23
0            211     2.3315e-20
0            212    1.02359e-17
0            213    2.90815e-15
0            214    5.12047e-13
0            215    5.43138e-11
0            216    3.44346e-09
0            217    1.27989e-07
0            218    2.81602e-06
0            219    3.88261e-05
0            220    0.000387021
0            221     0.00324411
0            222      0.0236074
0            223        0.14015
0            224       0.649219
0            225        2.33911
0            226        6.49831
0            227         13.874
0            228        22.7063
0            229        28.5114
0            230        27.5074
0            231        20.3941
0            232        11.5794
0            233        5.03841
0            234        1.68176
0            235       0.430385
0            236      0.0854208
0            237      0.0132957
0            238     0.00160689
0            239    0.000142239
0            240    8.67074e-06
0            241    3.48347e-07
0            242     9.1367e-09
0            243      1.576e-10
0            244    1.82872e-12
0            245    1.52844e-14
0            246     1.0292e-16
0            247    6.08509e-19
0            248     3.3369e-21
0            249     1.7374e-23
0            250    8.38055e-26
0            251    3.59069e-28
0            252    1.27049e-30
0            253    3.61167e-33
0            254    8.23521e-36
0            255    1.49625e-38
0            256    2.22041e-41
0            257    2.72709e-44
0            258    2.81736e-47
0            259    2.48376e-50
0            260    1.91334e-53
0            261    1.28852e-56
0            262    7.83074e-60
0            263    4.36535e-63
0            264    2.26916e-66
0            265    1.09832e-69
0            266    5.16727e-73
0            267    2.38122e-76
0            268    1.08213e-79
0            269    5.02881e-83
0            270    2.36379e-86
0            271    1.17618e-89
0            272    6.49654e-93
0            273   8.50958e-174
0            274   6.04632e-169
0            275   5.35024e-164
0            276   5.72292e-159
0            277   7.10924e-154
0            278   1.00764e-148
0            279   1.56292e-143
0            280   2.65295e-138
0            281   4.75421e-133
0            282   8.82158e-128
0            283   1.63683e-122
0            284   3.01529e-117
0            285   5.29319e-112
0            286   8.78108e-107
0            287   1.32748e-101
0            288    1.78446e-96
0            289    2.08109e-91
0            290    2.04398e-86
0            291    1.65379e-81
0            292     1.0809e-76
0            293    5.49574e-72
0            294    2.12276e-67
0            295    6.10469e-63
0            296    1.28742e-58
0            297    1.92731e-54
0            298     2.1103e-50
0            299     2.0644e-46
0            300    3.54064e-42
0            301    1.26541e-37
0            302    3.78149e-33
0            303    6.27162e-29
0            304    5.20202e-25
0            305    2.08215e-21
0            306    3.94141e-18
0            307    3.46673e-15
0            308     1.4418e-12
0            309    2.99812e-10
0            310    3.44089e-08
0            311    2.30694e-06
0            312    8.67484e-05
0            313     0.00169101
0            314      0.0176225
0            315       0.110703
0            316       0.483434
0            317        1.58298
0            318        3.85602
0            319        6.89549
0            320        8.99377
0            321         8.5624
0            322         5.9792
0            323        3.05882
0            324        1.12302
0            325       0.289749
0            326      0.0514671
0            327      0.0061424
0            328     0.00044797
0            329     1.6935e-05
0            330    3.09317e-07
0            331    2.78562e-09
0            332    1.35306e-11
0            333    4.06131e-14
0            334    8.08228e-17
0            335    9.81988e-20
0            336    6.57106e-23
0            337    2.31536e-26
0            338    4.32274e-30
0            339     4.3981e-34
0            340    2.47598e-38
0            341     7.8971e-43
0            342    1.51538e-47
0            343    1.86904e-52
0            344    1.74017e-57
0            345    1.58174e-62
0            346    1.54603e-67
0            347    1.36685e-72
0            348    9.70275e-78
0            349    5.46136e-83
0            350     2.5219e-88
0            351     1.1099e-93
0            352    7.99047e-99
0            353   1.24076e-103
0            354   2.43438e-108
0            355   4.60789e-113
0            356     8.308e-118
0            357   1.43655e-122
0            358   2.46359e-127
0            359   4.19499e-132
0            360   7.32825e-137
0            361   1.33259e-141
0            362   2.59117e-146
0            363   5.45965e-151
0            364   1.17978e-294
0            365   1.47892e-290
0            366   2.04788e-286
0            367   3.08117e-282
0            368   5.03103e-278
0            369   8.79286e-274
0            370   1.67866e-269
0            371   3.44748e-265
0            372   7.59151e-261
0            373    1.7796e-256
0            374    4.4935e-252
0            375   1.25899e-247
0            376   3.98257e-243
0            377   1.50988e-238
0            378    7.0638e-234
0            379   3.95685e-229
0            380   2.47024e-224
0            381   1.65381e-219
0            382   1.11806e-214
0            383   7.71591e-210
0            384    5.2614e-205
0            385    3.4901e-200
0            386   2.26524e-195
0            387   1.42252e-190
0            388   8.57456e-186
0            389    4.9372e-181
0            390   2.71786e-176
0            391   1.40393e-171
0            392   6.85754e-167
0            393   3.10479e-162
0            394   1.30825e-157
0            395   5.08133e-153
0            396   1.80227e-148
0            397   5.80326e-144
0            398   1.69954e-139
0            399   4.48475e-135
0            400   1.05833e-130
0            401   2.20397e-126
0            402     4.081e-122
0            403   6.63051e-118
0            404   9.38596e-114
0            405   1.15907e-109
0            406   1.22805e-105
0            407   1.12822e-101
0            408     8.7961e-98
0            409    5.80512e-94
0            410    3.23827e-90
0            411    1.52066e-86
0            412     5.9937e-83
0            413     1.9453e-79
0            414    5.25258e-76
0            415    1.16257e-72
0            416    2.11471e-69
0            417    3.14707e-66
0            418       3.82e-63
0            419    3.86787e-60
0            420    3.37745e-57
0            421    2.75817e-54
0            422    2.39791e-51
0            423    2.54369e-48
0            424    3.29456e-45
0            425    4.39057e-42
0            426     5.0478e-39
0            427    4.62726e-36
0            428    3.31104e-33
0            429    1.91634e-30
0            430    9.15907e-28
0            431    3.67089e-25
0            432    1.20806e-22
0            433    3.23709e-20
0            434    6.81611e-18
0            435    1.08029e-15
0            436    1.19464e-13
0            437    8.70807e-12
0            438    4.07197e-10
0            439    1.19433e-08
0            440    2.20056e-07
0            441    2.57056e-06
0            442    1.95992e-05
0            443    0.000102699
0            444    0.000392754
0            445     0.00114975
0            446      0.0027558
0            447     0.00625754
0            448      0.0152328
0            449      0.0379541
0            450      0.0892621
0            451       0.191853
0            452       0.373087
0            453       0.657016
0            454         1.0489
0            455        1.51908
0            456        2.00011
0            457        2.40448
0            458        2.65307
0            459        2.69276
0            460        2.51065
0            461         2.1463
0            462        1.68183
0            463        1.20653
0            464       0.789935
0            465       0.469194
0            466       0.250981
0            467       0.120393
0            468      0.0519192
0            469      0.0201506
0            470     0.00716703
0            471     0.00242569
0            472    0.000753122
0            473    0.000190475
0            474    3.57993e-05
0            475    4.77518e-06
0            476    4.40852e-07
0            477    2.82683e-08
0            478    1.25561e-09
0            479    3.85938e-11
0            480    8.10765e-13
0            481    1.16857e-14
0            482    1.15056e-16
0            483    7.83044e-19
0            484    3.70061e-21
0            485    1.22232e-23
0            486    2.83756e-26
0            487    4.68098e-29
0            488    5.48978e-32
0            489    4.62214e-35
0            490    2.86167e-38
0            491    1.37384e-41
0            492    5.58355e-45
0            493    2.20144e-48
0            494    8.95408e-52
0            495    3.54823e-55
0            496     1.3117e-58
0            497    4.38002e-62
0            498    1.32361e-65
0            499     3.5373e-69
0            500    8.20054e-73
0            501    1.64309e-76
0            502    3.02736e-80
0            503    6.67101e-84
0            504    2.33594e-87
0            505    1.07662e-90
0            506    4.77057e-94
0            507    1.83635e-97
0            508   6.05828e-101
0            509   1.69482e-104
0            510   4.05787e-108
0            511    8.3725e-112
0            512   1.49781e-115
0            513   2.31743e-119
0            514    3.1271e-123
0            515    3.7036e-127
0            516   3.87536e-131
0            517   3.57648e-135
0            518     2.962e-139
0            519   2.18328e-143
0            520    1.4596e-147
0            521   8.81444e-152
0            522   4.85825e-156
0            523   2.44172e-160
0            524   1.13755e-164
0            525   4.86174e-169
0            526   1.93584e-173
0            527   7.30772e-178
0            528   2.56849e-182
0            529   8.61958e-187
0            530    2.7397e-191
0            531   8.37233e-196
0            532   2.48687e-200
0            533   7.22017e-205
0            534   2.05241e-209
0            535   5.86548e-214
0            536   1.69607e-218
0            537   5.03733e-223
0            538   1.56564e-227
0            539   5.19506e-232
0            540   1.87541e-236
0            541   7.21455e-241
0            542   2.97852e-245
0            543   1.30794e-249
0            544   6.13918e-254
0            545     3.4762e-15
0            546    2.83494e-15
0            547      2.251e-15
0            548     1.2019e-15
0            549    4.28829e-15
0            550    2.07785e-15
0            551    2.17326e-16
0            552    1.36987e-17
0            553     1.5575e-17
0            554    5.29445e-06
0            555    5.45024e-06
0            556    5.31944e-06
0            557    4.95705e-06
0            558    3.76343e-06
0            559    1.88228e-06
0            560    4.66176e-07
0            561    9.47082e-08
0            562    1.32354e-08
0            563        2.78996
0            564        2.75634
0            565        2.65457
0            566        2.20314
0            567         1.3472
0            568       0.458408
0            569       0.119835
0            570      0.0302691
0            571      0.0014215
0            572        79.9339
0            573         77.654
0            574        73.5562
0            575        59.8455
0            576        32.9511
0            577        10.0248
0            578        2.21874
0            579       0.407284
0            580      0.0214043
0            581      0.0999227
0            582       0.102192
0            583       0.102347
0            584       0.092669
0            585      0.0694617
0            586      0.0305088
0            587     0.00902254
0            588     0.00104483
0            589    4.61594e-05
0            590    9.51042e-09
0            591    9.82007e-09
0            592    1.11326e-08
0            593    1.30432e-08
0            594    1.48882e-08
0            595    2.71339e-08
0            596    4.85788e-09
0            597    1.26002e-10
0            598    7.17055e-12
