0              0    0.000192674
0              1    0.000639256
0              2     0.00207667
0              3     0.00649099
0              4       0.019494
0              5      0.0557421
0              6       0.152391
0              7       0.393927
0              8       0.957469
0              9        2.20271
0             10        4.77507
0             11        9.73869
0             12         18.741
0             13         33.957
0             14        57.8752
0             15        93.1082
0             16        140.543
0             17        198.396
0             18        261.907
0             19        322.531
0             20         370.25
0             21        395.167
0             22        391.865
0             23        359.978
0             24        306.211
0             25        240.798
0             26        174.769
0             27         117.38
0             28        72.8633
0             29        41.9268
0             30        22.4005
0             31         11.235
0             32        5.36263
0             33        2.41369
0             34        1.01189
0             35       0.392469
0             36       0.141063
0             37      0.0478151
0             38      0.0155607
0             39     0.00483474
0             40      0.0014403
0             41     0.00041617
0             42    0.000116099
0             43    3.16365e-05
0             44     8.4469e-06
0             45    2.25466e-06
0             46    5.99527e-07
0             47    1.57974e-07
0             48    4.19542e-08
0             49    1.12611e-08
0             50    3.04386e-09
0             51    8.23578e-10
0             52    2.26823e-10
0             53    6.33588e-11
0             54    1.78167e-11
0             55    5.07704e-12
0             56    1.46272e-12
0             57    4.25745e-13
0             58    1.25958e-13
0             59    3.78002e-14
0             60    1.14029e-14
0             61    3.47993e-15
0             62    1.08201e-15
0             63    3.39782e-16
0             64    1.08579e-16
0             65    3.50103e-17
0             66    1.14852e-17
0             67    3.86372e-18
0             68    1.31126e-18
0             69    4.56968e-19
0             70    1.63378e-19
0             71    5.94848e-20
0             72    2.22614e-20
0             73    8.55682e-21
0             74    3.38137e-21
0             75    1.37195e-21
0             76    5.71943e-22
0             77    2.47164e-22
0             78     1.0962e-22
0             79    5.02455e-23
0             80    2.38114e-23
0             81    1.15634e-23
0             82    5.79304e-24
0             83    2.99587e-24
0             84    1.58226e-24
0             85    8.65522e-25
0             86    4.88049e-25
0             87     2.8067e-25
0             88    1.66956e-25
0             89    1.01832e-25
0             90    6.39442e-26
0             91    6.12859e-08
0             92     3.6452e-07
0             93    2.07294e-06
0             94    1.11214e-05
0             95    5.63118e-05
0             96    0.000265002
0             97      0.0011621
0             98     0.00468921
0             99      0.0174279
0            100      0.0596955
0            101       0.188186
0            102       0.546272
0            103        1.46036
0            104        3.59118
0            105        8.09192
0            106        16.6111
0            107        30.9904
0            108        52.2911
0            109        79.4717
0            110        108.526
0            111        132.815
0            112         145.39
0            113         142.18
0            114        124.265
0            115          97.01
0            116        67.8188
0            117        42.4941
0            118        23.9035
0            119        12.0887
0            120        5.49543
0            121        2.24899
0            122        0.83043
0            123       0.276527
0            124      0.0834906
0            125      0.0229592
0            126     0.00576724
0            127     0.00132762
0            128    0.000281249
0            129    5.52124e-05
0            130    1.00819e-05
0            131     1.7159e-06
0            132    2.76863e-07
0            133    4.22788e-08
0            134    6.22488e-09
0            135    8.85744e-10
0            136    1.24088e-10
0            137    1.72898e-11
0            138    2.41652e-12
0            139    3.45011e-13
0            140    4.96778e-14
0            141    7.34424e-15
0            142    1.09679e-15
0            143    1.66638e-16
0            144    2.57065e-17
0            145    4.01857e-18
0            146    6.39413e-19
0            147    1.03408e-19
0            148    1.70814e-20
0            149    2.85988e-21
0            150    4.90203e-22
0            151    8.58312e-23
0            152    1.53227e-23
0            153     2.7842e-24
0            154    5.17153e-25
0            155    9.80859e-26
0            156    1.90901e-26
0            157    3.81189e-27
0            158    7.76177e-28
0            159    1.64055e-28
0            160    3.55357e-29
0            161    7.94646e-30
0            162     1.8332e-30
0            163    4.38687e-31
0            164    1.08925e-31
0            165    2.80463e-32
0            166    7.49001e-33
0            167    2.08492e-33
0            168    6.00849e-34
0            169    1.81109e-34
0            170    5.65165e-35
0            171    1.84221e-35
0            172    6.23709e-36
0            173    2.20275e-36
0            174    8.11591e-37
0            175    3.11565e-37
0            176    1.23784e-37
0            177    5.12828e-38
0            178    2.21713e-38
0            179    9.93642e-39
0            180    4.64332e-39
0            181     2.2562e-39
0            182    6.13687e-13
0            183    8.14835e-12
0            184    1.04063e-10
0            185    1.25754e-09
0            186    1.40177e-08
0            187    1.43309e-07
0            188    1.31911e-06
0            189    1.08749e-05
0            190    8.00143e-05
0            191    0.000519439
0            192     0.00297529
0            193      0.0149512
0            194      0.0655471
0            195       0.248894
0            196       0.818683
0            197        2.32507
0            198        5.69132
0            199        11.9915
0            200          21.69
0            201        33.5609
0            202         44.358
0            203        49.9701
0            204        47.9291
0            205        39.1042
0            206        27.1476
0            207        16.0324
0            208        8.06447
0            209        3.46382
0            210        1.27055
0            211       0.399478
0            212       0.107991
0            213      0.0252025
0            214     0.00512133
0            215    0.000919087
0            216    0.000147301
0            217    2.14573e-05
0            218    2.86441e-06
0            219    3.50431e-07
0            220    3.88348e-08
0            221    3.89862e-09
0            222    3.52164e-10
0            223    2.85628e-11
0            224    2.11062e-12
0            225    1.42648e-13
0            226    9.08651e-15
0            227     5.6086e-16
0            228    3.46574e-17
0            229    2.20748e-18
0            230    1.46115e-19
0            231    1.00968e-20
0            232    7.11032e-22
0            233    5.07785e-23
0            234    3.62961e-24
0            235    2.57293e-25
0            236    1.81908e-26
0            237    1.27274e-27
0            238    8.82787e-29
0            239    6.08882e-30
0            240    4.21093e-31
0            241    2.90977e-32
0            242    2.02022e-33
0            243    1.42478e-34
0            244    1.01859e-35
0            245    7.47037e-37
0            246    5.66488e-38
0            247    4.43663e-39
0            248    3.63361e-40
0            249    3.13594e-41
0            250    2.84512e-42
0            251    2.74357e-43
0            252    2.81114e-44
0            253    3.07182e-45
0            254    3.57601e-46
0            255    4.42007e-47
0            256    5.83453e-48
0            257    8.17224e-49
0            258    1.21969e-49
0            259    1.92798e-50
0            260    3.23405e-51
0            261    5.73467e-52
0            262    1.07842e-52
0            263    2.14756e-53
0            264    4.52343e-54
0            265    1.00445e-54
0            266    2.36422e-55
0            267    5.88763e-56
0            268    1.54836e-56
0            269    4.30984e-57
0            270    1.26415e-57
0            271    3.91761e-58
0            272    1.28575e-58
0            273    3.09844e-16
0            274    1.31085e-14
0            275    4.42979e-13
0            276    1.18536e-11
0            277    2.48411e-10
0            278    4.04485e-09
0            279    5.07902e-08
0            280    4.92707e-07
0            281    3.70642e-06
0            282    2.22889e-05
0            283    0.000114306
0            284    0.000559527
0            285      0.0028366
0            286       0.014435
0            287      0.0673127
0            288       0.269719
0            289       0.898805
0            290        2.45083
0            291        5.42653
0            292        9.71575
0            293        14.0158
0            294        16.2725
0            295        15.2015
0            296        11.4116
0            297        6.87573
0            298        3.32304
0            299        1.29125
0            300       0.406379
0            301       0.104679
0            302      0.0222081
0            303     0.00388231
0            304    0.000555958
0            305    6.45507e-05
0            306    6.03092e-06
0            307    4.54904e-07
0            308     2.7898e-08
0            309    1.41335e-09
0            310    5.99346e-11
0            311    2.16937e-12
0            312      6.775e-14
0            313    1.86678e-15
0            314    4.60734e-17
0            315     1.0424e-18
0            316    2.19602e-20
0            317    4.34763e-22
0            318    8.07167e-24
0            319    1.40058e-25
0            320    2.27007e-27
0            321    3.43628e-29
0            322     4.8988e-31
0            323    6.69891e-33
0            324    9.03202e-35
0            325    1.24205e-36
0            326    1.82716e-38
0            327    2.91357e-40
0            328    5.04121e-42
0            329    9.21251e-44
0            330    1.73201e-45
0            331    3.29709e-47
0            332    6.35537e-49
0            333    1.24131e-50
0            334    2.46857e-52
0            335    5.05137e-54
0            336    1.07627e-55
0            337    2.40208e-57
0            338    5.66833e-59
0            339    1.43911e-60
0            340    3.92971e-62
0            341    1.15833e-63
0            342    3.71868e-65
0            343    1.29633e-66
0            344    4.91594e-68
0            345    2.01463e-69
0            346    8.97308e-71
0            347    4.33898e-72
0            348    2.27108e-73
0            349    1.28778e-74
0            350    7.91663e-76
0            351    5.28178e-77
0            352    3.83431e-78
0            353    3.01403e-79
0            354     2.5863e-80
0            355    2.41097e-81
0            356    2.44406e-82
0            357    2.70308e-83
0            358    3.26539e-84
0            359    4.28485e-85
0            360    6.14236e-86
0            361     9.5838e-87
0            362     1.6319e-87
0            363    3.02773e-88
0            364    2.61318e-26
0            365     4.0157e-25
0            366    5.85751e-24
0            367    8.09336e-23
0            368    1.05943e-21
0            369    1.30949e-20
0            370     1.5349e-19
0            371    1.70387e-18
0            372    1.78749e-17
0            373    1.77636e-16
0            374    1.67165e-15
0            375    1.49085e-14
0            376    1.25692e-13
0            377    1.00045e-12
0            378    7.49732e-12
0            379     5.2647e-11
0            380    3.44737e-10
0            381    2.10335e-09
0            382    1.19049e-08
0            383    6.26358e-08
0            384    3.05853e-07
0            385    1.37972e-06
0            386    5.73972e-06
0            387    2.18188e-05
0            388    7.54656e-05
0            389    0.000236749
0            390    0.000678244
0            391     0.00179601
0            392     0.00448715
0            393      0.0107432
0            394      0.0248358
0            395      0.0551993
0            396       0.116783
0            397       0.232936
0            398       0.435593
0            399       0.761044
0            400        1.24012
0            401        1.88272
0            402        2.66328
0            403        3.50797
0            404        4.30105
0            405         4.9087
0            406        5.21418
0            407        5.15582
0            408        4.74543
0            409        4.06475
0            410        3.23856
0            411        2.39839
0            412        1.65004
0            413        1.05529
0            414        0.62719
0            415       0.346906
0            416       0.178759
0            417      0.0860468
0            418      0.0388681
0            419      0.0165453
0            420     0.00667691
0            421     0.00256416
0            422    0.000936941
0            423    0.000323838
0            424    0.000105014
0            425    3.16542e-05
0            426    8.79739e-06
0            427    2.23833e-06
0            428    5.20473e-07
0            429    1.10223e-07
0            430    2.13112e-08
0            431    3.76071e-09
0            432    6.07517e-10
0            433    8.99183e-11
0            434    1.22565e-11
0            435    1.53766e-12
0            436    1.78508e-13
0            437    1.92699e-14
0            438    1.93044e-15
0            439    1.80532e-16
0            440    1.57318e-17
0            441    1.28006e-18
0            442    9.73247e-20
0            443    6.90548e-21
0            444    4.56167e-22
0            445    2.81162e-23
0            446    1.61401e-24
0            447    8.63398e-26
0            448    4.30297e-27
0            449    2.00568e-28
0            450    8.78411e-30
0            451    3.60421e-31
0            452    1.39662e-32
0            453    5.13878e-34
0            454    1.81555e-35
0            455    6.22156e-37
0            456    2.09932e-38
0            457    7.09894e-40
0            458    2.44079e-41
0            459    8.64502e-43
0            460    3.13752e-44
0            461    1.15881e-45
0            462    4.32718e-47
0            463    1.61016e-48
0            464    5.93841e-50
0            465    2.16013e-51
0            466    7.74067e-53
0            467    2.73092e-54
0            468    9.48826e-56
0            469    3.25904e-57
0            470    1.11157e-58
0            471    3.76787e-60
0            472    1.28013e-61
0            473    4.37399e-63
0            474    1.51007e-64
0            475    5.34602e-66
0            476    1.93686e-67
0            477    7.30172e-69
0            478    2.84849e-70
0            479    1.16048e-71
0            480    4.90017e-73
0            481    2.15251e-74
0            482    9.73523e-76
0            483    4.53226e-77
0            484    2.16203e-78
0            485    1.05257e-79
0            486    5.21359e-81
0            487     2.6353e-82
0            488    1.35363e-83
0            489    7.05699e-85
0            490    3.74082e-86
0            491    2.02036e-87
0            492    1.10845e-88
0            493    6.19209e-90
0            494    3.53072e-91
0            495    2.04915e-92
0            496    1.21685e-93
0            497    7.35305e-95
0            498    4.54555e-96
0            499    2.87451e-97
0            500    1.86422e-98
0            501    1.23652e-99
0            502   8.38731e-101
0            503   5.85041e-102
0            504   4.18355e-103
0            505   3.07581e-104
0            506   2.32433e-105
0            507   1.80537e-106
0            508   1.44538e-107
0            509   1.18897e-108
0            510   1.00771e-109
0            511   8.80015e-111
0            512   7.93827e-112
0            513   7.39233e-113
0            514   7.08905e-114
0            515   7.01777e-115
0            516    7.1886e-116
0            517   7.59533e-117
0            518   8.30333e-118
0            519   9.38015e-119
0            520   1.09588e-119
0            521   1.32589e-120
0            522   1.65368e-121
0            523   2.13943e-122
0            524   2.85967e-123
0            525   3.95167e-124
0            526   5.63604e-125
0            527   8.36023e-126
0            528   1.27789e-126
0            529   2.02507e-127
0            530    3.3143e-128
0            531   5.61781e-129
0            532   9.86364e-130
0            533   1.79308e-130
0            534   3.36419e-131
0            535    6.5512e-132
0            536   1.31998e-132
0            537   2.74547e-133
0            538   5.91915e-134
0            539   1.32089e-134
0            540   3.06062e-135
0            541   7.32924e-136
0            542   1.81642e-136
0            543   4.65757e-137
0            544   1.23967e-137
0            545        17.9984
0            546        17.7043
0            547        17.2124
0            548        15.5092
0            549        10.6441
0            550        4.86001
0            551        1.72284
0            552       0.432657
0            553       0.138113
0            554      0.0128579
0            555       0.012335
0            556       0.011652
0            557     0.00973768
0            558     0.00559457
0            559     0.00230981
0            560    0.000764506
0            561    0.000153659
0            562    3.13675e-05
0            563    1.30516e-07
0            564    1.21881e-07
0            565    1.09114e-07
0            566    8.04618e-08
0            567    1.35492e-07
0            568    9.92724e-08
0            569    5.64678e-09
0            570    2.08613e-09
0            571     2.1902e-10
0            572    1.45507e-13
0            573    1.40945e-13
0            574    1.30466e-13
0            575    1.09445e-13
0            576     2.2909e-13
0            577    1.53108e-13
0            578    6.01901e-15
0            579     2.3795e-15
0            580    4.76134e-16
0            581    2.45765e-19
0            582    2.55765e-19
0            583    2.55887e-19
0            584    2.47377e-19
0            585    1.90836e-19
0            586    3.71862e-20
0            587    8.48299e-21
0            588    3.04168e-21
0            589    6.34827e-22
0            590    1.15219e-24
0            591    1.19583e-24
0            592    1.19604e-24
0            593     1.0974e-24
0            594    6.64171e-25
0            595    1.08702e-25
0            596    3.51897e-26
0            597    1.29949e-26
0            598    2.83172e-27
