/*
August 9, 2010

  Table 5.3 Ten-minute average gas concentrations measured along the vertical during
  Project Prairie Grass; entries are in units of mg/m^3. Samplers were located at
  nine levels on six towers positioned along the 100m arc of the horizontal
  sampling network. Individuals towers were spaced 14 degrees apart.
  
  Notes: 1.  A value of -9 indicates missing data, and 0.0 signify no measureable
             concentration.
         2.  The value of the concentrtion at the 0.5m level on Tower No. 4
             at 317.5 degrees was estimated.
         3.  Run No. 70 and 71 are 35S and 48S, respectively.
*/

  Run No. 13                      Post Location (degrees)
  Hgt(m)       325         339         353         7           21          35
   17.5       0.000       0.000       0.000       0.000       0.000       0.000
   13.5       0.000       0.000       0.000       0.000       0.000       0.000
   10.5       0.000       0.000       0.000       0.000       0.000       0.000
    7.5       0.000       0.000       0.000       0.000       0.000       0.000
    4.5       0.000       0.000       0.000       0.000       0.000       0.000
    2.5       0.000       0.000       0.000      28.700       1.140       0.000
    1.5       0.000       0.000       3.180     239.000      34.500       0.000
    1.0       0.000       0.000      42.900     675.000      83.300       0.000
    0.5       0.000       0.000      61.800    2200.000     158.000       0.000
 
 
  Run No. 14                      Post Location (degrees)
  Hgt(m)       325         339         353         7           21          35
   17.5       0.000       0.000       0.280       0.415       0.070       0.145
   13.5       0.000       0.000       0.000       1.460       0.000       0.105
   10.5       0.000       0.000       0.330       0.095       0.000       0.090
    7.5       0.000       0.000       0.000       0.090       0.000       0.000
    4.5       0.000       0.175       2.220       0.070       0.100       0.000
    2.5       0.000       8.340      76.200       0.860       0.540       0.100
    1.5       0.000      23.000     174.000       1.970       1.560       0.000
    1.0       0.000      28.500     237.000       2.420       2.090       0.085
    0.5       0.000      29.600     297.000       2.670       2.450       0.000
 
 
  Run No. 15                      Post Location (degrees)
  Hgt(m)       325         339         353         7           21          35
   17.5       0.000       0.000       0.085       2.840       5.210       4.670
   13.5       0.000       0.000       0.580       4.160      11.800       8.220
   10.5       0.000       0.000       0.175       7.460      19.200       8.990
    7.5       0.000       0.000       0.170       7.290      30.200      14.500
    4.5       0.000       0.000       0.360       9.240      58.800      19.800
    2.5       0.000       0.000       0.245      11.300      74.700      29.000
    1.5       0.000       0.000       0.285      10.600      83.100      30.300
    1.0       0.000       0.000       0.235      10.800      81.300      38.900
    0.5       0.000       0.000       0.400      10.800     106.000      42.200
 
 
  Run No. 16                      Post Location (degrees)
  Hgt(m)       325         339         353         7           21          35
   17.5       0.000       0.025       8.870      13.600       1.550       1.530
   13.5       0.000       0.045       6.570      16.500       2.730       4.440
   10.5       0.000       0.140       6.560      15.900       3.810       7.100
    7.5       0.000       0.275      10.900      17.100       7.370      11.000
    4.5       0.000       0.055      18.900      22.800       9.170      12.100
    2.5       0.000       0.035      25.400      23.400       8.580      14.300
    1.5       0.000       0.095      28.500      23.100      10.400      13.700
    1.0       0.000       0.080      29.000      23.700      11.000      13.400
    0.5       0.000       0.050      29.000      23.600      11.800      14.500
 
 
  Run No. 17                      Post Location (degrees)
  Hgt(m)       325         339         353         7           21          35
   17.5       0.000       0.000       0.280       0.000       0.000       0.000
   13.5       0.000       0.000      -9.000       0.040       0.000       0.000
   10.5       0.000       0.000       5.090       0.130       0.000       0.000
    7.5       0.000       0.000      18.900       0.580       0.000       0.000
    4.5       0.000       0.000      55.400       2.660       0.000       0.000
    2.5       0.000       0.000      92.600       3.450       0.000       0.000
    1.5       0.000       0.000     115.000       3.660       0.000       0.000
    1.0       0.000       0.000     126.000       4.140       0.000       0.000
    0.5       0.000       0.000     132.000       3.560       0.000       0.000
 
 
  Run No. 18                      Post Location (degrees)
  Hgt(m)       325         339         353         7           21          35
   17.5       0.000       0.000       0.000       0.085       0.000       0.000
   13.5       0.000       0.000       0.000       1.230       0.000       0.000
   10.5       0.000       0.000       0.000       2.760       0.000       0.000
    7.5       0.000       0.000       0.250       3.590       0.000       0.000
    4.5       0.000       0.000       2.040      41.000       0.000       0.000
    2.5       0.000       0.000       5.160     101.000       0.000       0.000
    1.5       0.000       0.000       6.020     135.000       0.000       0.000
    1.0       0.000       0.000       5.870     153.000       0.000       0.000
    0.5       0.000       0.000       0.020     165.000       0.000       0.000
 
 
  Run No. 19                      Post Location (degrees)
  Hgt(m)       325         339         353         7           21          35
   17.5       0.250       3.120       1.070       0.030       0.000       0.000
   13.5       1.430       5.400       3.890       0.095       0.000       0.000
   10.5       2.420       7.110       8.210       0.215       0.000       0.000
    7.5       3.090      14.200      10.800       0.729       0.000       0.000
    4.5       3.800      25.100      29.600       1.250       0.000       0.000
    2.5       5.910      35.000      41.400       1.470       0.000       0.000
    1.5       7.340      40.700      -9.000       1.310       0.000       0.000
    1.0       7.310      41.600      54.200       1.430       0.000       0.000
    0.5       7.010      41.900      56.700       1.530       0.000       0.000
 
 
  Run No. 20                      Post Location (degrees)
  Hgt(m)       325         339         353         7           21          35
   17.5       0.000       0.130       0.440       1.290       0.000       0.000
   13.5       0.000       0.385       2.010       3.330       0.000       0.000
   10.5       0.000       0.975       5.190       5.870       0.000       0.000
    7.5       0.000       3.260      13.300       7.520       0.000       0.000
    4.5       0.000       7.580      26.100      10.700       0.000       0.000
    2.5       0.000      11.900      39.900      14.100       0.000       0.000
    1.5       0.000      13.100      45.600      15.900       0.000       0.000
    1.0       0.000      13.400      46.500      16.400       0.000       0.000
    0.5       0.000      13.300      47.700      17.100       0.000       0.000
 
 
  Run No. 21                      Post Location (degrees)
  Hgt(m)       325         339         353         7           21          35
   17.5       0.000       0.000       0.900       0.000       0.000       0.000
   13.5       0.000       0.000       0.720       0.000       0.000       0.000
   10.5       0.000       0.000       4.290       0.080       0.000       0.000
    7.5       0.000       0.000      15.300       0.255       0.000       0.000
    4.5       0.000       0.000      42.900       0.585       0.000       0.000
    2.5       0.000       0.000      70.800       0.835       0.000       0.000
    1.5       0.000       0.000      83.700       1.050       0.000       0.000
    1.0       0.000       0.000      90.500       1.180       0.000       0.000
    0.5       0.000       0.000      96.300       1.290       0.000       0.000
 
 
  Run No. 22                      Post Location (degrees)
  Hgt(m)       325         339         353         7           21          35
   17.5       0.000       0.040       0.200       0.000       0.000       0.000
   13.5       0.000       0.080       1.330       0.000       0.000       0.000
   10.5       0.000       0.130       4.310       0.000       0.000       0.000
    7.5       0.000       0.225      12.600       0.000       0.000       0.000
    4.5       0.000       0.325      33.600       0.000       0.000       0.000
    2.5       0.000       0.215      60.800       0.000       0.000       0.000
    1.5       0.000       0.340      76.800       0.000       0.000       0.000
    1.0       0.000       0.175      81.800       0.000       0.000       0.000
    0.5       0.000       0.150      86.900       0.000       0.000       0.000
 
 
  Run No. 24                      Post Location (degrees)
  Hgt(m)       325         339         353         7           21          35
   17.5       0.110       0.000       0.000       0.000       0.000       0.000
   13.5       1.000       0.000       0.000       0.000       0.000       0.000
   10.5       3.710       0.000       0.000       0.000       0.000       0.000
    7.5      10.700       0.000       0.000       0.000       0.000       0.000
    4.5      25.800       0.000       0.000       0.000       0.000       0.000
    2.5      38.900       0.000       0.000       0.000       0.000       0.000
    1.5      44.300       0.000       0.000       0.000       0.000       0.000
    1.0      47.400       0.000       0.000       0.000       0.000       0.000
    0.5      50.100       0.000       0.000       0.000       0.000       0.000
 
 
  Run No. 25                      Post Location (degrees)
  Hgt(m)       325         339         353         7           21          35
   17.5       0.195       6.510      10.400       3.380       1.640       2.000
   13.5       0.650       5.610      14.000       6.350       2.300       4.040
   10.5       0.230      11.500      21.300       7.940       2.010       5.690
    7.5       0.630      15.500      24.200       8.900       7.380       8.150
    4.5       0.565      17.900      28.200       9.320       9.740      13.400
    2.5       0.525      20.300      29.600      15.900      13.000      20.100
    1.5       0.970      20.700      28.700      19.100      13.400      29.300
    1.0       1.060      20.300      30.500      20.400      12.800      30.600
    0.5       0.365      19.800      31.400      23.000      12.600      34.100
 
 
  Run No. 26                      Post Location (degrees)
  Hgt(m)       325         339         353         7           21          35
   17.5       0.000       0.015       1.200       0.920       0.400       0.115
   13.5       0.000       0.035       3.240       2.390       1.160       0.045
   10.5       0.000       0.065       6.200       3.540       1.940       0.040
    7.5       0.000       0.170       7.850      10.200       4.370       0.695
    4.5       0.000       0.130      15.300      22.400       7.590       1.450
    2.5       0.000       0.035      22.200      35.600      11.700       2.510
    1.5       0.000       0.035      25.200      44.100      15.500       2.850
    1.0       0.000       0.025      27.000      46.500      17.100       3.200
    0.5       0.000       0.015      29.100      50.400      19.100       3.540
 
 
  Run No. 27                      Post Location (degrees)
  Hgt(m)       325         339         353         7           21          35
   17.5       0.000       0.005       1.880       1.330       0.145       0.000
   13.5       0.000       0.150       4.400      -9.000      -9.000       0.000
   10.5       0.000       0.225       7.050      -9.000      -9.000       0.000
    7.5       0.000       0.370      16.800      12.800       2.340       0.000
    4.5       0.000       0.980      30.900      25.800       2.550       0.000
    2.5       0.000       3.920      44.600      39.300       2.550       0.000
    1.5       0.000       5.370      54.600      44.700       2.840       0.000
    1.0       0.000       5.960      60.600      47.400       2.860       0.000
    0.5       0.000       6.560      64.500      49.400       3.120       0.000
 
 
  Run No. 29                      Post Location (degrees)
  Hgt(m)       325         339         353         7           21          35
   17.5       0.000       0.000       0.000       0.000       0.000      -9.000
   13.5       0.000       0.000       0.000       0.000       0.000      -9.000
   10.5       0.000       0.000       0.000       0.000       0.120      -9.000
    7.5       0.000       0.000       0.000       0.000       1.070      -9.000
    4.5       0.000       0.000       0.000       0.000       5.360      -9.000
    2.5       0.000       0.000       0.000       0.000       9.890      57.600
    1.5       0.000       0.000       0.000       0.000      11.900      67.700
    1.0       0.000       0.000       0.000       0.000      12.800      68.900
    0.5       0.000       0.000       0.000       0.000      12.200      74.100
 
 
  Run No. 30                      Post Location (degrees)
  Hgt(m)       325         339         353         7           21          35
   17.5       0.000       0.000       1.090       1.160       1.360       0.000
   13.5       0.000       0.000       2.220       2.340       2.220       0.095
   10.5       0.000       0.000       3.560       4.170       6.110       0.110
    7.5       0.000       0.000       5.160       7.110      14.300       0.895
    4.5       0.000       0.000       7.980      15.000      28.500       2.720
    2.5       0.000       0.000      10.600      23.100      39.200       4.430
    1.5       0.000       0.000      10.400      29.300      46.400       5.640
    1.0       0.000       0.000      10.600      32.400      48.600       6.440
    0.5       0.000       0.000      10.900      35.600      49.500       7.110
 
 
  Run No. 31                      Post Location (degrees)
  Hgt(m)       325         339         353         7           21          35
   17.5       0.000       0.000       0.000       0.000       0.000       1.910
   13.5       0.000       0.000       0.000       0.000       0.000       4.560
   10.5       0.000       0.000       0.000       0.000       0.000       8.190
    7.5       0.000       0.000       0.000       0.000       0.150      13.800
    4.5       0.000       0.000       0.000       0.000       0.705      21.500
    2.5       0.000       0.000       0.000       0.000       2.900      32.700
    1.5       0.000       0.000       0.000       0.000       4.640      33.800
    1.0       0.000       0.000       0.000       0.000       5.250      35.700
    0.5       0.000       0.000       0.000       0.000       4.910      38.400
 
 
  Run No. 32                      Post Location (degrees)
  Hgt(m)       325         339         353         7           21          35
   17.5       0.000       0.000       0.000       0.000       0.000       0.000
   13.5       0.000       0.000       0.000       0.000       0.000       0.000
   10.5       0.000       0.000       0.000       0.000       0.000       0.000
    7.5       0.000       0.000       0.375       0.000       0.000       0.000
    4.5       0.000       0.000      38.100       0.000       0.000       0.000
    2.5       0.000       0.150     330.000       0.000       0.000       0.000
    1.5       0.000       0.190     651.000       0.055       0.000       0.000
    1.0       0.000       0.205     830.000       0.200       0.000       0.000
    0.5       0.000       0.125     951.000       7.020       0.000       0.000
 
 
  Run No. 33                      Post Location (degrees)
  Hgt(m)       325         339         353         7           21          35
   17.5       0.000       0.000       0.295       0.710       0.000       0.000
   13.5       0.000       0.045       1.100       2.580       0.000       0.000
   10.5       0.000       0.175       2.000       6.810       0.045       0.000
    7.5       0.000       0.310       5.190      15.900       0.195       0.000
    4.5       0.000       0.530       8.360      35.300       0.260       0.000
    2.5       0.000       1.500      13.300      56.100       0.350       0.000
    1.5       0.000       1.670      16.500      64.700       0.250       0.000
    1.0       0.000       1.700      18.900      69.000       0.200       0.000
    0.5       0.000       1.190      20.000      73.200       0.190       0.000
 
 
  Run No. 34                      Post Location (degrees)
  Hgt(m)       325         339         353         7           21          35
   17.5       1.590       0.085       0.000       0.000       0.000       0.000
   13.5       2.400       0.730       0.000       0.000       0.000       0.000
   10.5       5.880       2.600       0.000       0.000       0.000       0.000
    7.5      17.400       4.380       0.000       0.000       0.000       0.000
    4.5      38.100       6.980       0.000       0.000       0.000       0.000
    2.5      59.300       8.100       0.000       0.000       0.000       0.000
    1.5      68.700       8.780       0.000       0.000       0.000       0.000
    1.0      73.200       9.080       0.000       0.000       0.000       0.000
    0.5      78.600       8.940       0.000       0.000       0.000       0.000
 
 
  Run No. 70                      Post Location (degrees)
  Hgt(m)       325         339         353         7           21          35
   17.5       0.000       0.000       0.000       0.000       0.000       0.000
   13.5       0.070       0.000       0.000       0.000       0.000       0.000
   10.5       1.040       0.000       0.000       0.000       0.000       0.000
    7.5       3.920       0.000       0.000       0.000       0.000       0.000
    4.5      16.800       0.000       0.000       0.000       0.000       0.000
    2.5      30.200       0.000       0.000       0.000       0.000       0.000
    1.5      36.200       0.000       0.000       0.000       0.000       0.000
    1.0      38.700       0.000       0.000       0.000       0.000       0.000
    0.5      41.300       0.000       0.000       0.000       0.000       0.000
 
 
  Run No. 36                      Post Location (degrees)
  Hgt(m)       325         339         353         7           21          35
   17.5       0.000       0.000       0.000       0.000       0.000       0.000
   13.5       0.000       0.000       0.000       0.000       0.000       0.000
   10.5       0.000       0.000       0.000       0.000       0.000       0.000
    7.5       0.000       0.590       0.000       0.000       0.000       0.000
    4.5       0.000      54.800       0.000       0.000       0.000       0.000
    2.5       0.000     296.000       0.000       0.000       0.000       0.000
    1.5       0.000     492.000       0.000       0.000       0.000       0.000
    1.0       0.000     584.000       0.000       0.000       0.000       0.000
    0.5       0.000     660.000       0.000       0.000       0.000       0.000
 
 
  Run No. 37                      Post Location (degrees)
  Hgt(m)       325         339         353         7           21          35
   17.5       0.000       0.000       0.000       0.180       0.000       0.000
   13.5       0.000       0.000       0.000       0.710       0.000       0.000
   10.5       0.000       0.000       0.315       3.530       0.000       0.000
    7.5       0.000       0.000       0.880      13.000       0.000       0.000
    4.5       0.000       0.000       1.940      35.400       0.065       0.000
    2.5       0.000       0.000       2.960      57.200       0.110       0.000
    1.5       0.000       0.000       3.180      64.800       0.110       0.000
    1.0       0.000       0.000       3.180      71.900       0.070       0.000
    0.5       0.000       0.000       3.270      75.600       0.075       0.000
 
 
  Run No. 38                      Post Location (degrees)
  Hgt(m)       325         339         353         7           21          35
   17.5       0.000       0.000       0.055       0.000       0.000       0.000
   13.5       0.000       0.035       0.580       0.000       0.000       0.000
   10.5       0.000       0.180       2.550       0.000       0.000       0.000
    7.5       0.000       0.815       8.990       0.000       0.000       0.000
    4.5       0.000       2.150      29.100       0.000       0.000       0.000
    2.5       0.000       2.130      49.700       0.000       0.000       0.000
    1.5       0.000       2.360      58.100       0.000       0.000       0.000
    1.0       0.000       2.360      61.800       0.000       0.000       0.000
    0.5       0.000       2.430      61.400       0.000       0.000       0.000
 
 
  Run No. 39                      Post Location (degrees)
  Hgt(m)       325         339         353         7           21          35
   17.5       0.000       0.000       0.000       0.000       0.000       0.000
   13.5       0.335       0.000       0.000       0.000       0.000       0.000
   10.5       1.760       0.000       0.000       0.000       0.000       0.000
    7.5       8.910       0.000       0.000       0.000       0.000       0.000
    4.5      28.200       0.000       0.000       0.000       0.000       0.000
    2.5      11.300       0.000       0.000       0.000       0.000       0.000
    1.5      61.800       0.000       0.000       0.000       0.000       0.000
    1.0      67.100       0.000       0.000       0.000       0.000       0.000
    0.5      66.300       0.000       0.000       0.000       0.000       0.000
 
 
  Run No. 40                      Post Location (degrees)
  Hgt(m)       325         339         353         7           21          35
   17.5       0.000       0.000       0.005       0.000       0.000       0.000
   13.5       0.000       0.000       0.150       0.000       0.000       0.000
   10.5       0.000       0.000       1.880       0.610       0.000       0.000
    7.5       0.000       0.000      12.700       4.650       0.000       0.000
    4.5       0.000       0.000      38.100      22.400       0.000       0.000
    2.5       0.000       0.000      67.700      47.400       0.000       0.000
    1.5       0.000       0.000      86.000      59.900       0.000       0.000
    1.0       0.000       0.000      95.100      65.400       0.000       0.000
    0.5       0.000       0.000     104.000      68.300       0.000       0.000
 
 
  Run No. 41                      Post Location (degrees)
  Hgt(m)       325         339         353         7           21          35
   17.5       0.000       0.000       0.000       0.000       0.000       0.000
   13.5       0.000       0.000       0.000       0.000       0.000       0.000
   10.5       0.000       0.000       0.000       0.000       0.585       0.000
    7.5       0.000       0.000       0.000       0.020       3.450       0.000
    4.5       0.000       0.000       0.000       0.420      17.100       0.000
    2.5       0.000       0.000       0.000       0.510      31.500       0.000
    1.5       0.000       0.000       0.000       0.780      36.300       0.000
    1.0       0.000       0.000       0.000       0.650      36.500       0.000
    0.5       0.000       0.000       0.000       0.780      36.800       0.000
 
 
  Run No. 42                      Post Location (degrees)
  Hgt(m)       325         339         353         7           21          35
   17.5       0.000       0.000       0.000       0.000       0.000       0.050
   13.5       0.000       0.000       0.000       0.000       0.185       0.345
   10.5       0.000       0.000       0.000       0.000       0.320       1.860
    7.5       0.000       0.000       0.000       0.000       3.080       7.130
    4.5       0.000       0.000       0.000       0.000       8.280      18.900
    2.5       0.000       0.000       0.000       0.000      12.900      32.900
    1.5       0.000       0.000       0.000       0.000      15.500      37.400
    1.0       0.000       0.000       0.000       0.000      15.900      39.500
    0.5       0.000       0.000       0.000       0.000      16.400      43.100
 
 
  Run No. 43                      Post Location (degrees)
  Hgt(m)       325         339         353         7           21          35
   17.5       0.630       2.270       2.880       0.150       0.000       0.000
   13.5       2.420       5.490       6.380       0.930       0.000       0.000
   10.5       3.950       8.850      11.400       2.490       0.000       0.000
    7.5       5.040      13.800      19.500       4.610       0.000       0.000
    4.5       5.870      17.000      38.300      12.800       0.000       0.000
    2.5       6.050      18.300      51.900      19.200       0.000       0.000
    1.5       5.970      19.500      54.600      23.000       0.000       0.000
    1.0       6.290      21.200      57.800      24.200       0.000       0.000
    0.5       6.570      21.500      60.600      25.100       0.000       0.000
 
 
  Run No. 44                      Post Location (degrees)
  Hgt(m)       325         339         353         7           21          35
   17.5       1.010       0.600       1.370       0.160       0.000       0.000
   13.5       3.540       3.030       1.890       0.320       0.000       0.000
   10.5       7.080       6.020       4.710       0.270       0.000       0.000
    7.5      13.100      11.600       8.270       0.070       0.000       0.000
    4.5      17.600      24.200      12.700       0.015       0.000       0.000
    2.5      22.500      36.000      14.700       0.020       0.000       0.000
    1.5      24.100      43.200      15.000       0.035       0.000       0.000
    1.0      27.200      48.200      14.900       0.015       0.000       0.000
    0.5      29.700      48.500      14.600       0.050       0.000       0.000
 
 
  Run No. 45                      Post Location (degrees)
  Hgt(m)       325         339         353         7           21          35
   17.5       0.000       0.135       0.355       0.000       0.000       0.000
   13.5       0.340       1.320       0.835       0.000       0.000       0.000
   10.5       0.440       4.500       1.500       0.000       0.000       0.000
    7.5       0.670      14.000       4.670       0.000       0.000       0.000
    4.5       1.910      41.300      12.500       0.000       0.000       0.000
    2.5       1.580      75.500      19.700       0.000       0.000       0.000
    1.5       1.440      96.900      24.200       0.000       0.000       0.000
    1.0       1.450     107.000      26.000       0.000       0.000       0.000
    0.5       1.640     113.000      27.000       0.000       0.000       0.000
 
 
  Run No. 46                      Post Location (degrees)
  Hgt(m)       325         339         353         7           21          35
   17.5       0.135       0.000       0.000       0.000       0.000       0.000
   13.5       0.180       0.000       0.000       0.000       0.000       0.000
   10.5       0.730       0.000       0.000       0.000       0.000       0.000
    7.5       3.660       0.000       0.000       0.000       0.000       0.000
    4.5      12.600       0.020       0.000       0.000       0.000       0.000
    2.5      24.200       0.035       0.000       0.000       0.000       0.000
    1.5      32.100       0.045       0.000       0.000       0.000       0.000
    1.0      37.700       0.035       0.000       0.000       0.000       0.000
    0.5      41.000       0.060       0.000       0.000       0.000       0.000
 
 
  Run No. 47                      Post Location (degrees)
  Hgt(m)       325         339         353         7           21          35
   17.5       0.000       0.000       0.000       0.000       0.000       0.065
   13.5       0.000       0.000       0.000       0.000       0.000       0.375
   10.5       0.000       0.000       0.000       0.000       0.000       0.460
    7.5       0.000       0.000       0.000       0.000       0.000       0.865
    4.5       0.000       0.000       0.000       0.000       0.000       0.530
    2.5       0.000       0.000       0.000       0.000       0.000       0.155
    1.5       0.000       0.000       0.000       0.000       0.000       0.250
    1.0       0.000       0.000       0.000       0.000       0.000       0.440
    0.5       0.000       0.000       0.000       0.000       0.000       0.410
 
 
  Run No. 71                      Post Location (degrees)
  Hgt(m)       325         339         353         7           21          35
   17.5       0.000       0.950       7.500       3.350       5.420       6.320
   13.5       0.000       0.740       9.050       4.010       4.950       6.650
   10.5       0.000       1.270       9.710       4.590       5.420       6.410
    7.5       0.000       1.910      11.800       3.750       6.360       6.560
    4.5       0.000       2.000      11.400       4.410       6.180       4.190
    2.5       0.000       2.370      11.800       3.830       8.730       5.180
    1.5       0.000       2.420      10.700       3.360       8.430       5.700
    1.0       0.000       2.460      10.900       3.240       8.310       6.060
    0.5       0.000       2.130      11.300       3.240       8.690       6.320
 
 
  Run No. 48                      Post Location (degrees)
  Hgt(m)       325         339         353         7           21          35
   17.5       0.000       0.000       0.000       0.000       0.070       0.880
   13.5       0.000       0.000       0.000       0.000       0.750       5.090
   10.5       0.000       0.000       0.000       0.000       1.740      10.500
    7.5       0.000       0.000       0.000       0.000       4.760      25.100
    4.5       0.000       0.000       0.000       0.000       7.100      43.800
    2.5       0.000       0.000       0.000       0.000       9.150      59.700
    1.5       0.000       0.000       0.000       0.000      10.600      66.600
    1.0       0.000       0.000       0.000       0.000      10.800      69.500
    0.5       0.000       0.000       0.000       0.000      11.300      72.800
 
 
  Run No. 49                      Post Location (degrees)
  Hgt(m)       325         339         353         7           21          35
   17.5       0.000       0.000       0.020       0.630       0.580       1.220
   13.5       0.000       0.000       0.055       1.710       1.700       1.740
   10.5       0.000       0.000       0.040       4.850       5.210       2.720
    7.5       0.000       0.000       0.345       9.420      15.200       5.210
    4.5       0.000       0.000       1.100      17.600      38.900       7.800
    2.5       0.000       0.000       2.960      21.800      50.400      11.600
    1.5       0.000       0.000       3.990      24.300      66.300      12.800
    1.0       0.000       0.000       4.880      25.100      68.600      14.000
    0.5       0.000       0.000       5.070      24.800      73.100      14.900
 
 
  Run No. 50                      Post Location (degrees)
  Hgt(m)       325         339         353         7           21          35
   17.5       0.000       0.000       0.000       0.000       0.940       0.700
   13.5       0.000       0.000       0.000       0.000       2.810       2.130
   10.5       0.000       0.000       0.000       0.000       5.660       6.390
    7.5       0.000       0.000       0.000       0.000       8.700      15.200
    4.5       0.000       0.000       0.000       0.000      13.400      29.100
    2.5       0.000       0.000       0.000       0.000      18.300      41.100
    1.5       0.000       0.000       0.000       0.000      20.700      46.400
    1.0       0.000       0.000       0.000       0.000      20.900      49.100
    0.5       0.000       0.000       0.000       0.000      21.300      53.400
 
 
  Run No. 51                      Post Location (degrees)
  Hgt(m)       325         339         353         7           21          35
   17.5       0.000       0.000       0.000       0.000       0.000       0.000
   13.5       0.000       0.000       0.000       0.000       0.000       0.000
   10.5       0.000       0.000       0.000       0.000       0.000       0.320
    7.5       0.000       0.000       0.000       0.000       0.000       0.805
    4.5       0.000       0.000       0.000       0.000       0.000       2.270
    2.5       0.000       0.000       0.000       0.000       0.000       2.660
    1.5       0.000       0.000       0.000       0.000       0.000       2.780
    1.0       0.000       0.000       0.000       0.000       0.000       2.750
    0.5       0.000       0.000       0.000       0.000       0.000       2.690
 
 
  Run No. 52                      Post Location (degrees)
  Hgt(m)       325         339         353         7           21          35
   17.5       6.290       1.100       0.000       0.000       0.000       0.000
   13.5      10.900       1.580       0.000       0.000       0.000       0.000
   10.5      15.200       1.640       0.000       0.000       0.000       0.000
    7.5      17.900       4.500       0.000       0.000       0.000       0.000
    4.5      22.100       5.280       0.000       0.000       0.000       0.000
    2.5      25.200       5.540       0.000       0.000       0.000       0.000
    1.5      24.900       3.480       0.000       0.000       0.000       0.000
    1.0      25.500       3.480       0.000       0.000       0.000       0.000
    0.5      24.300       4.550       0.000       0.000       0.000       0.000
 
 
  Run No. 54                      Post Location (degrees)
  Hgt(m)       325         339         353         7           21          35
   17.5       0.000       0.000       0.000       0.000       0.000       0.000
   13.5       0.000       0.000       0.000       0.000       0.000       0.000
   10.5       0.125       0.000       0.000       0.000       0.000       0.000
    7.5       0.945       0.000       0.000       0.000       0.000       0.000
    4.5       2.840       0.000       0.000       0.000       0.000       0.000
    2.5       6.780       0.000       0.000       0.000       0.000       0.000
    1.5       6.630       0.000       0.000       0.000       0.000       0.000
    1.0       7.100       0.000       0.000       0.000       0.000       0.000
    0.5       7.100       0.000       0.000       0.000       0.000       0.000
 
 
  Run No. 55                      Post Location (degrees)
  Hgt(m)       325         339         353         7           21          35
   17.5       0.000       0.200       0.000       0.000       0.000       0.000
   13.5       0.025       1.070       0.000       0.000       0.000       0.000
   10.5       0.335       3.860       0.000       0.000       0.000       0.000
    7.5       1.140      10.400       0.000       0.000       0.000       0.000
    4.5       2.400      26.000       0.000       0.000       0.000       0.000
    2.5       3.290      44.400       0.000       0.000       0.000       0.000
    1.5       3.260      54.000       0.000       0.000       0.000       0.000
    1.0       3.300      58.400       0.000       0.000       0.000       0.000
    0.5       3.000      60.500       0.000       0.000       0.000       0.000
 
 
  Run No. 56                      Post Location (degrees)
  Hgt(m)       325         339         353         7           21          35
   17.5       0.000       0.030       0.000       0.000       0.000       0.000
   13.5       0.250       0.160       0.000       0.000       0.000       0.000
   10.5       1.280       1.430       0.000       0.000       0.000       0.000
    7.5       6.090       5.240       0.000       0.000       0.000       0.000
    4.5      13.600      12.500       0.000       0.000       0.000       0.000
    2.5      16.200      19.700       0.000       0.000       0.000       0.000
    1.5      26.300      23.100       0.000       0.000       0.000       0.000
    1.0      26.900      23.700       0.000       0.000       0.000       0.000
    0.5      27.300      20.700       0.000       0.000       0.000       0.000
 
 
  Run No. 57                      Post Location (degrees)
  Hgt(m)       325         339         353         7           21          35
   17.5       0.000       0.000       0.000       0.175       0.795       0.055
   13.5       0.000       0.000       0.000       1.620       2.330       0.455
   10.5       0.000       0.000       0.000       3.560       6.270       0.690
    7.5       0.000       0.000       0.000       6.810      15.000       1.760
    4.5       0.000       0.000       0.000      14.600      35.600       3.120
    2.5       0.000       0.000       0.000      21.500      55.500       7.160
    1.5       0.000       0.000       0.000      27.600      67.100       8.190
    1.0       0.000       0.000       0.000      31.100      69.300       8.700
    0.5       0.000       0.000       0.000      32.700      72.600       9.180
 
 
  Run No. 58                      Post Location (degrees)
  Hgt(m)       325         339         353         7           21          35
   17.5       0.000       0.000       0.000       0.000       0.000       0.000
   13.5       0.000       0.000       0.000       0.000       0.000       0.000
   10.5       0.000       0.000       0.000       0.000       0.000       0.000
    7.5       0.000       0.000       0.000       0.000       0.000       0.000
    4.5       0.000       0.000       0.225       0.355       0.000       0.000
    2.5       0.000       0.000       0.500       5.810       0.000       0.000
    1.5       0.000       0.000       0.420      13.300       0.000       0.000
    1.0       0.000       0.000       0.295      17.400       0.000       0.000
    0.5       0.000       0.000       0.235      20.000       0.000       0.000
 
 
  Run No. 59                      Post Location (degrees)
  Hgt(m)       325         339         353         7           21          35
   17.5       0.000       0.000       0.000       0.000       0.000       0.000
   13.5       0.000       0.000       0.000       0.000       0.000       0.000
   10.5       0.000       0.000       0.000       0.000       0.000       0.000
    7.5       0.000       0.000       1.400       0.000       0.000       0.000
    4.5       0.000       0.000      47.600       0.000       0.000       0.000
    2.5       0.000       0.000     239.000       0.000       0.000       0.000
    1.5       0.000       0.000     399.000       0.000       0.000       0.000
    1.0       0.000       0.000     485.000       0.000       0.000       0.000
    0.5       0.000       0.000     546.000       0.000       0.000       0.000
 
 
  Run No. 60                      Post Location (degrees)
  Hgt(m)       325         339         353         7           21          35
   17.5       0.000       0.000       0.000       0.000       0.005       0.000
   13.5       0.000       0.000       0.000       0.020       0.480       0.000
   10.5       0.000       0.000       0.000       0.065       1.970       0.000
    7.5       0.000       0.000       0.000       0.385       8.000       0.000
    4.5       0.000       0.000       0.000       0.500      23.000       0.000
    2.5       0.000       0.000       0.000       0.745      38.300       0.000
    1.5       0.000       0.000       0.000       0.985      47.400       0.000
    1.0       0.000       0.000       0.000       0.940      49.700       0.000
    0.5       0.000       0.000       0.000       0.785      50.700       0.000
 
 
  Run No. 61                      Post Location (degrees)
  Hgt(m)       325         339         353         7           21          35
   17.5       0.000       0.000       0.000       0.245       0.165       0.070
   13.5       0.000       0.000       0.085       1.620       0.705       0.200
   10.5       0.000       0.000       0.205       4.370       2.690       0.950
    7.5       0.000       0.000       0.300       9.290       8.630       2.160
    4.5       0.000       0.000       0.250      15.900      25.200       7.610
    2.5       0.000       0.000       0.070      22.100      42.800      13.500
    1.5       0.000       0.000       0.045      23.700      54.000      14.700
    1.0       0.000       0.000       0.065      23.400      59.300      15.500
    0.5       0.000       0.000       0.070      23.700      -9.000      17.000
 
 
  Run No. 62                      Post Location (degrees)
  Hgt(m)       325         339         353         7           21          35
   17.5       0.000       0.000       0.000       0.000       2.090       5.460
   13.5       0.000       0.000       0.000       0.000       4.830       8.890
   10.5       0.000       0.000       0.000       0.080       9.530      14.600
    7.5       0.000       0.000       0.000       0.170      15.600      21.000
    4.5       0.000       0.000       0.000       0.145      21.800      37.500
    2.5       0.000       0.000       0.000       0.000      50.100      57.600
    1.5       0.000       0.000       0.000       0.000      60.900      61.800
    1.0       0.000       0.000       0.000       0.000      67.700      61.800
    0.5       0.000       0.000       0.000       0.000      71.900      63.000
 
 
  Run No. 65                      Post Location (degrees)
  Hgt(m)       325         339         353         7           21          35
   17.5       0.000       0.000       0.000       0.000       0.000       0.000
   13.5       0.000       0.000       0.925       0.000       0.000       0.000
   10.5       0.000       0.000       4.800       0.000       0.000       0.000
    7.5       0.000       0.000      20.400       0.000       0.000       0.000
    4.5       0.000       0.000      64.200       0.000       0.000       0.000
    2.5       0.000       0.000     120.000       0.000       0.000       0.000
    1.5       0.000       0.000     145.000       0.000       0.000       0.000
    1.0       0.000       0.000     158.000       0.000       0.000       0.000
    0.5       0.000       0.000     164.000       0.000       0.000       0.000
 
 
  Run No. 66                      Post Location (degrees)
  Hgt(m)       325         339         353         7           21          35
   17.5       0.000       0.000       0.000       0.000       0.000       0.000
   13.5       0.000       0.000       0.000       0.000       0.000       0.000
   10.5       0.000       0.000       0.065       0.000       0.000       0.000
    7.5       0.000       2.040       3.210       0.000       0.000       0.000
    4.5       0.065      25.500      30.000       0.000       0.000       0.000
    2.5       0.230      76.500      73.500       0.000       0.000       0.000
    1.5       0.185     106.000      93.900       0.000       0.000       0.000
    1.0       0.225     118.000     100.000       0.000       0.000       0.000
    0.5       0.210     116.000     103.000       0.000       0.000       0.000
 
 
  Run No. 67                      Post Location (degrees)
  Hgt(m)       325         339         353         7           21          35
   17.5       0.000       0.000       0.000       0.025       0.000       0.000
   13.5       0.000       0.000       0.000       0.400       0.000       0.000
   10.5       0.000       0.000       0.000       3.500       0.000       0.000
    7.5       0.000       0.000       0.120      16.700       0.000       0.000
    4.5       0.000       0.000       0.275      53.700       0.000       0.000
    2.5       0.000       0.000       0.805      92.700       0.000       0.000
    1.5       0.000       0.000       0.865     120.000       0.000       0.000
    1.0       0.000       0.000       0.955     129.000       0.000       0.000
    0.5       0.000       0.000       1.170     143.000       0.000       0.000
 
 
  Run No. 68                      Post Location (degrees)
  Hgt(m)       325         339         353         7           21          35
   17.5       0.000       0.000       0.000       0.000       0.000       0.000
   13.5       0.000       0.000       0.020       0.000       0.000       0.000
   10.5       0.000       0.000       0.220       0.000       0.000       0.000
    7.5       0.000       0.115       7.230       0.000       0.000       0.000
    4.5       0.000       0.430      71.700       0.000       0.000       0.000
    2.5       0.000       0.490     200.000       0.000       0.000       0.000
    1.5       0.000       0.390     281.000       0.000       0.000       0.000
    1.0       0.000       0.330     330.000       0.000       0.000       0.000
    0.5       0.000       0.415     382.000       0.000       0.000       0.000
 
 
