0              0    6.26521e-44
0              1    4.59691e-41
0              2     3.2117e-38
0              3    1.96577e-35
0              4    1.06782e-32
0              5    4.94679e-30
0              6    2.05267e-27
0              7    7.29981e-25
0              8    2.15711e-22
0              9    5.54825e-20
0             10    1.20019e-17
0             11    2.12417e-15
0             12    3.08584e-13
0             13     3.5436e-11
0             14    3.12695e-09
0             15    2.16531e-07
0             16    1.11554e-05
0             17    0.000413165
0             18      0.0109484
0             19       0.199941
0             20        2.48455
0             21        20.1224
0             22        104.617
0             23        347.043
0             24        712.479
0             25        908.328
0             26        714.253
0             27        347.961
0             28        105.499
0             29        20.2175
0             30        2.46076
0             31       0.194864
0             32      0.0104862
0             33    0.000383151
0             34    9.77271e-06
0             35    1.80588e-07
0             36    2.43413e-09
0             37    2.46244e-11
0             38    1.94969e-13
0             39    1.18222e-15
0             40    5.69788e-18
0             41    2.31148e-20
0             42    7.65077e-23
0             43    2.13233e-25
0             44    4.96583e-28
0             45    1.04322e-30
0             46    1.92966e-33
0             47     3.0568e-36
0             48    4.51927e-39
0             49    6.38807e-42
0             50    8.54736e-45
0             51    1.05838e-47
0             52    1.33102e-50
0             53    1.67005e-53
0             54    2.01588e-56
0             55    2.43136e-59
0             56    2.89966e-62
0             57    3.43567e-65
0             58     4.2239e-68
0             59    5.36028e-71
0             60    6.74619e-74
0             61    8.77728e-77
0             62    1.24089e-79
0             63     1.8215e-82
0             64    2.91939e-85
0             65    4.87269e-88
0             66    8.88928e-91
0             67    1.87203e-93
0             68    4.11808e-96
0             69     1.0458e-98
0             70   3.07171e-101
0             71   9.90441e-104
0             72    3.6901e-106
0             73   1.58297e-108
0             74   7.81363e-111
0             75   4.40547e-113
0             76   2.83412e-115
0             77   2.19142e-117
0             78    1.9172e-119
0             79   1.98515e-121
0             80   2.43738e-123
0             81   3.35923e-125
0             82   5.44172e-127
0             83   1.04178e-128
0             84   2.20951e-130
0             85   5.71047e-132
0             86   1.74356e-133
0             87   5.88939e-135
0             88   2.42354e-136
0             89   1.14957e-137
0             90   6.45567e-139
0             91    6.48696e-80
0             92    7.57216e-75
0             93    8.60027e-70
0             94    8.74017e-65
0             95    7.70493e-60
0             96    5.28244e-55
0             97    2.82383e-50
0             98    1.06333e-45
0             99    2.82366e-41
0            100    5.22718e-37
0            101    6.54947e-33
0            102    5.47307e-29
0            103    3.04136e-25
0            104     1.1144e-21
0            105    2.64888e-18
0            106    3.92234e-15
0            107    3.58866e-12
0            108    1.94951e-09
0            109    6.03109e-07
0            110     0.00010292
0            111     0.00919825
0            112       0.405632
0            113        8.38473
0            114        75.4759
0            115        289.329
0            116        454.153
0            117        290.199
0            118        75.9677
0            119        8.36637
0            120       0.403098
0            121     0.00900927
0            122    9.95896e-05
0            123    5.67586e-07
0            124    1.75542e-09
0            125    3.05783e-12
0            126    3.07483e-15
0            127    1.83342e-18
0            128    6.68963e-22
0            129    1.56114e-25
0            130    2.38826e-29
0            131    2.41921e-33
0            132    1.75689e-37
0            133    8.88913e-42
0            134    3.35306e-46
0            135    9.17426e-51
0            136    1.92532e-55
0            137    3.14109e-60
0            138    4.04546e-65
0            139    4.51824e-70
0            140    4.06626e-75
0            141     3.3787e-80
0            142    2.40934e-85
0            143    1.57885e-90
0            144    9.64025e-96
0            145   5.49597e-101
0            146   3.04818e-106
0            147   1.63853e-111
0            148   9.02575e-117
0            149   4.87422e-122
0            150   2.89165e-127
0            151   1.89716e-132
0            152   1.40913e-137
0            153   1.18796e-142
0            154   1.18287e-147
0            155   1.37422e-152
0            156    1.9161e-157
0            157   3.15982e-162
0            158    5.8481e-167
0            159   1.37752e-171
0            160   3.77368e-176
0            161   1.25161e-180
0            162    5.0201e-185
0            163   2.54271e-189
0            164    1.6248e-193
0            165   1.30671e-197
0            166   1.32165e-201
0            167   1.75629e-205
0            168   2.91336e-209
0            169   6.59202e-213
0            170   1.85902e-216
0            171   7.10814e-220
0            172   3.51228e-223
0            173   2.33616e-226
0            174   2.09274e-229
0            175   2.50729e-232
0            176   3.80043e-235
0            177   7.74113e-238
0            178   2.16054e-240
0            179   7.72108e-243
0            180   3.77256e-245
0            181   2.45294e-247
0            182   3.70947e-148
0            183   9.54594e-139
0            184   2.16456e-129
0            185   3.80313e-120
0            186   4.29506e-111
0            187   3.13296e-102
0            188     1.3418e-93
0            189    3.40792e-85
0            190    5.13473e-77
0            191    4.06447e-69
0            192    1.61839e-61
0            193    2.96812e-54
0            194    2.35562e-47
0            195    7.57925e-41
0            196    1.00744e-34
0            197    5.36516e-29
0            198     1.1084e-23
0            199    8.52649e-19
0            200    2.31453e-14
0            201    2.07614e-10
0            202    5.99559e-07
0            203    0.000520516
0            204       0.122927
0            205        7.00082
0            206        83.6207
0            207        193.408
0            208        83.8032
0            209          7.024
0            210       0.123299
0            211    0.000517362
0            212    5.93895e-07
0            213     2.0462e-10
0            214    2.24717e-14
0            215    8.25046e-19
0            216    1.02094e-23
0            217    4.50465e-29
0            218    7.38872e-35
0            219    4.72837e-41
0            220    1.19845e-47
0            221    1.34076e-54
0            222    6.90683e-62
0            223    1.70038e-69
0            224    2.23827e-77
0            225    1.56748e-85
0            226     6.5767e-94
0            227   1.71167e-102
0            228   2.81821e-111
0            229   3.03558e-120
0            230   2.11266e-129
0            231   1.05107e-138
0            232   3.55199e-148
0            233    9.1678e-158
0            234   1.85176e-167
0            235   3.00444e-177
0            236   4.45767e-187
0            237   6.02939e-197
0            238   7.95625e-207
0            239   1.09038e-216
0            240   1.68933e-226
0            241   2.85672e-236
0            242   5.42749e-246
0            243   1.25828e-255
0            244   3.36447e-265
0            245   1.13309e-274
0            246   4.97348e-284
0            247   2.73709e-293
0            248    2.0636e-302
0            249              0
0            250              0
0            251              0
0            252              0
0            253              0
0            254              0
0            255              0
0            256              0
0            257              0
0            258              0
0            259              0
0            260              0
0            261              0
0            262              0
0            263              0
0            264              0
0            265              0
0            266              0
0            267              0
0            268              0
0            269              0
0            270              0
0            271              0
0            272              0
0            273   8.72782e-281
0            274   9.02531e-263
0            275   4.43594e-245
0            276   9.94143e-228
0            277   9.79136e-211
0            278   4.59108e-194
0            279   1.10348e-177
0            280   1.28243e-161
0            281   4.98341e-146
0            282   5.25577e-131
0            283   1.26584e-116
0            284   6.76851e-103
0            285    7.53998e-90
0            286    1.69749e-77
0            287    6.83774e-66
0            288    4.44676e-55
0            289    4.21635e-45
0            290    5.26266e-36
0            291    8.03429e-28
0            292    1.42807e-20
0            293    2.76534e-14
0            294    5.52541e-09
0            295    0.000106077
0            296       0.165709
0            297        15.9662
0            298        75.4151
0            299        15.9368
0            300       0.164515
0            301    0.000105723
0            302    5.48212e-09
0            303     2.7161e-14
0            304    1.40872e-20
0            305    8.08032e-28
0            306    5.36624e-36
0            307    4.43234e-45
0            308    4.74592e-55
0            309    7.18421e-66
0            310    1.64376e-77
0            311    6.56477e-90
0            312   4.98733e-103
0            313   8.57303e-117
0            314   3.63888e-131
0            315   4.35772e-146
0            316   1.54322e-161
0            317   1.67592e-177
0            318   5.71486e-194
0            319   6.70177e-211
0            320   3.24007e-228
0            321   7.94029e-246
0            322   1.18827e-263
0            323   1.13723e-281
0            324   6.64469e-300
0            325              0
0            326              0
0            327              0
0            328              0
0            329              0
0            330              0
0            331              0
0            332              0
0            333              0
0            334              0
0            335              0
0            336              0
0            337              0
0            338              0
0            339              0
0            340              0
0            341              0
0            342              0
0            343              0
0            344              0
0            345              0
0            346              0
0            347              0
0            348              0
0            349              0
0            350              0
0            351              0
0            352              0
0            353              0
0            354              0
0            355              0
0            356              0
0            357              0
0            358              0
0            359              0
0            360              0
0            361              0
0            362              0
0            363              0
0            364              0
0            365              0
0            366              0
0            367              0
0            368              0
0            369              0
0            370              0
0            371              0
0            372              0
0            373              0
0            374              0
0            375              0
0            376              0
0            377              0
0            378              0
0            379   2.13259e-297
0            380     1.651e-282
0            381   7.97283e-268
0            382   2.20019e-253
0            383   3.41886e-239
0            384   2.65155e-225
0            385   9.36036e-212
0            386   1.53112e-198
0            387   1.09563e-185
0            388   3.46914e-173
0            389   4.74504e-161
0            390   2.86587e-149
0            391   7.27322e-138
0            392   7.91313e-127
0            393   3.47866e-116
0            394   6.11128e-106
0            395    4.14329e-96
0            396    1.04952e-86
0            397     9.6306e-78
0            398    3.18988e-69
0            399    3.72673e-61
0            400    1.50356e-53
0            401    2.04013e-46
0            402    9.38163e-40
0            403    1.42564e-33
0            404    7.05418e-28
0            405    1.13542e-22
0            406    5.80031e-18
0            407     9.4885e-14
0            408    4.82442e-10
0            409    7.51334e-07
0            410     0.00034808
0            411      0.0456618
0            412        1.59096
0            413        13.7644
0            414        28.4207
0            415        13.7645
0            416        1.58823
0            417      0.0456223
0            418    0.000348419
0            419    7.48918e-07
0            420    4.77772e-10
0            421    9.36317e-14
0            422    5.75636e-18
0            423    1.11423e-22
0            424    6.89139e-28
0            425    1.37926e-33
0            426    9.05744e-40
0            427    1.95631e-46
0            428    1.43886e-53
0            429    3.57092e-61
0            430    3.12396e-69
0            431    9.61081e-78
0            432    1.07652e-86
0            433    4.38046e-96
0            434     6.816e-106
0            435   3.97014e-116
0            436   9.08799e-127
0            437   8.52516e-138
0            438   3.18236e-149
0            439   5.04206e-161
0            440   3.33599e-173
0            441   9.55187e-186
0            442   1.21688e-198
0            443   6.97226e-212
0            444   1.80327e-225
0            445    2.2372e-239
0            446   1.35079e-253
0            447   4.12645e-268
0            448   6.52741e-283
0            449   5.66213e-298
0            450              0
0            451              0
0            452              0
0            453              0
0            454              0
0            455              0
0            456              0
0            457              0
0            458              0
0            459              0
0            460              0
0            461              0
0            462              0
0            463              0
0            464              0
0            465              0
0            466              0
0            467              0
0            468              0
0            469              0
0            470              0
0            471              0
0            472              0
0            473              0
0            474              0
0            475              0
0            476              0
0            477              0
0            478              0
0            479              0
0            480              0
0            481              0
0            482              0
0            483              0
0            484              0
0            485              0
0            486              0
0            487              0
0            488              0
0            489              0
0            490              0
0            491              0
0            492              0
0            493              0
0            494              0
0            495              0
0            496              0
0            497              0
0            498              0
0            499              0
0            500              0
0            501              0
0            502              0
0            503              0
0            504              0
0            505              0
0            506              0
0            507              0
0            508              0
0            509              0
0            510              0
0            511              0
0            512              0
0            513              0
0            514              0
0            515              0
0            516              0
0            517              0
0            518              0
0            519              0
0            520              0
0            521              0
0            522              0
0            523              0
0            524              0
0            525              0
0            526              0
0            527              0
0            528              0
0            529              0
0            530              0
0            531              0
0            532              0
0            533              0
0            534              0
0            535              0
0            536              0
0            537              0
0            538              0
0            539              0
0            540              0
0            541              0
0            542              0
0            543              0
0            544              0
0            545        30.8583
0            546        30.0445
0            547        27.9662
0            548        21.1865
0            549        8.84925
0            550        1.12746
0            551      0.0755743
0            552     0.00375989
0            553     6.5932e-16
0            554    5.98491e-14
0            555     7.9648e-14
0            556    1.04419e-13
0            557     1.4298e-13
0            558    1.18968e-13
0            559      1.873e-14
0            560     9.0532e-16
0            561    2.47354e-17
0            562    3.94592e-28
0            563    4.43039e-40
0            564    7.72314e-40
0            565    1.32059e-39
0            566    3.04431e-39
0            567    2.07237e-39
0            568    1.64414e-40
0            569    1.74402e-42
0            570    8.97998e-45
0            571    5.78993e-53
0            572    3.43941e-73
0            573    8.43455e-73
0            574    1.37291e-72
0            575    1.77332e-72
0            576    9.49119e-73
0            577    5.26823e-74
0            578    1.82015e-76
0            579    1.32539e-79
0            580    2.19348e-87
0            581   2.24498e-109
0            582   4.77903e-109
0            583   6.94415e-109
0            584   6.93171e-109
0            585   2.93696e-109
0            586   1.07911e-110
0            587   3.30596e-113
0            588    1.9729e-117
0            589    2.5479e-127
0            590   7.46925e-146
0            591   1.92207e-145
0            592   3.64333e-145
0            593   3.91475e-145
0            594   9.73477e-146
0            595   1.08598e-147
0            596   2.24593e-150
0            597   2.80573e-155
0            598   6.77412e-166
