0              0    9.02473e-91
0              1    5.18623e-88
0              2    3.36602e-85
0              3    2.30073e-82
0              4     1.7197e-79
0              5    1.31541e-76
0              6    1.10446e-73
0              7    9.91707e-71
0              8    8.91322e-68
0              9    8.57991e-65
0             10    8.57055e-62
0             11    8.53671e-59
0             12    8.73625e-56
0             13    8.87778e-53
0             14    8.59421e-50
0             15     8.3894e-47
0             16    7.74345e-44
0             17     6.6086e-41
0             18    5.34202e-38
0             19    3.98947e-35
0             20    2.77859e-32
0             21    1.67524e-29
0             22    8.70286e-27
0             23    3.93204e-24
0             24     1.3743e-21
0             25    3.92494e-19
0             26    8.93929e-17
0             27     1.5592e-14
0             28     2.1541e-12
0             29    2.30199e-10
0             30    1.94327e-08
0             31    1.24643e-06
0             32    5.78461e-05
0             33     0.00195137
0             34      0.0462033
0             35       0.735614
0             36        7.72792
0             37        52.2623
0             38        221.878
0             39        589.359
0             40        964.291
0             41        964.508
0             42        591.406
0             43        222.982
0             44         51.906
0             45        7.69915
0             46       0.734966
0             47      0.0452007
0             48     0.00188408
0             49    5.45591e-05
0             50    1.12161e-06
0             51    1.62691e-08
0             52    1.77376e-10
0             53    1.48457e-12
0             54    9.39956e-15
0             55    4.69975e-17
0             56    1.89267e-19
0             57    6.21343e-22
0             58    1.74562e-24
0             59    4.28305e-27
0             60    8.87477e-30
0             61    1.62686e-32
0             62    2.74294e-35
0             63    4.09083e-38
0             64    5.60115e-41
0             65    6.76095e-44
0             66    7.58682e-47
0             67    8.20037e-50
0             68    7.88067e-53
0             69    7.58784e-56
0             70    7.18966e-59
0             71    6.55324e-62
0             72    6.15193e-65
0             73    5.89351e-68
0             74    5.88735e-71
0             75    6.03726e-74
0             76    6.47539e-77
0             77    7.75722e-80
0             78    9.71588e-83
0             79    1.32827e-85
0             80    2.02243e-88
0             81    3.27453e-91
0             82    5.89136e-94
0             83    1.20553e-96
0             84    2.61283e-99
0             85    6.5474e-102
0             86   1.90768e-104
0             87   6.00938e-107
0             88   2.23364e-109
0             89   9.33408e-112
0             90   4.63913e-114
0             91   1.17519e-165
0             92   1.41213e-160
0             93   2.01068e-155
0             94   3.29914e-150
0             95   6.20439e-145
0             96   1.30536e-139
0             97   3.14564e-134
0             98   7.87264e-129
0             99   2.11085e-123
0            100   6.03282e-118
0            101   1.77915e-112
0            102   5.19534e-107
0            103   1.50227e-101
0            104    4.06145e-96
0            105    1.03159e-90
0            106    2.26699e-85
0            107    4.39697e-80
0            108    7.22316e-75
0            109    9.85689e-70
0            110    1.12819e-64
0            111    1.07662e-59
0            112    8.34167e-55
0            113    5.24541e-50
0            114    2.40826e-45
0            115    8.53109e-41
0            116    2.05593e-36
0            117    3.39835e-32
0            118    3.74228e-28
0            119    2.63571e-24
0            120     1.1671e-20
0            121    3.11795e-17
0            122    4.89819e-14
0            123    4.46816e-11
0            124    2.28697e-08
0            125    6.26598e-06
0            126    0.000895774
0            127      0.0632523
0            128        2.08621
0            129        30.2437
0            130        184.811
0            131        461.214
0            132        461.317
0            133        184.903
0            134        30.3389
0            135         2.0812
0            136       0.063053
0            137    0.000890217
0            138    6.17001e-06
0            139    2.26664e-08
0            140    4.41311e-11
0            141     4.9218e-14
0            142    3.07694e-17
0            143    1.14354e-20
0            144    2.57323e-24
0            145    3.56913e-28
0            146    3.18724e-32
0            147    1.86724e-36
0            148    7.46067e-41
0            149    2.01303e-45
0            150    3.92811e-50
0            151    5.72661e-55
0            152    6.36103e-60
0            153    5.54877e-65
0            154    4.01046e-70
0            155    2.42513e-75
0            156    1.27611e-80
0            157     5.9114e-86
0            158    2.32726e-91
0            159    8.89635e-97
0            160   3.01109e-102
0            161   9.85342e-108
0            162   3.12318e-113
0            163   1.01242e-118
0            164   3.44834e-124
0            165   1.24389e-129
0            166   4.84165e-135
0            167   2.11558e-140
0            168   9.91065e-146
0            169   5.37821e-151
0            170   3.22109e-156
0            171   2.26588e-161
0            172   1.82992e-166
0            173   1.76914e-171
0            174   2.09306e-176
0            175   3.03171e-181
0            176   5.14763e-186
0            177    1.1212e-190
0            178   3.11097e-195
0            179   1.08644e-199
0            180   4.93269e-204
0            181   2.93105e-208
0            182              0
0            183   1.74811e-303
0            184   1.49931e-293
0            185   1.72383e-283
0            186   2.40374e-273
0            187   4.25603e-263
0            188   8.65322e-253
0            189   1.99079e-242
0            190   5.09219e-232
0            191   1.27283e-221
0            192   3.14399e-211
0            193   7.37806e-201
0            194   1.58659e-190
0            195   2.86548e-180
0            196   4.40591e-170
0            197   5.38785e-160
0            198   5.07824e-150
0            199   3.43322e-140
0            200    1.6018e-130
0            201   4.68834e-121
0            202   8.82518e-112
0            203   1.07608e-102
0            204    8.52434e-94
0            205    4.36819e-85
0            206    1.22507e-76
0            207    1.76764e-68
0            208    1.18791e-60
0            209    3.40411e-53
0            210    4.12645e-46
0            211    1.97562e-39
0            212    3.52834e-33
0            213    2.30887e-27
0            214     5.2327e-22
0            215    3.90749e-17
0            216    9.45181e-13
0            217    6.92678e-09
0            218    1.46049e-05
0            219     0.00821913
0            220          1.121
0            221        32.1696
0            222         177.06
0            223        177.141
0            224        32.2849
0            225        1.12243
0            226     0.00828702
0            227    1.46491e-05
0            228    6.92004e-09
0            229    9.44731e-13
0            230    3.87298e-17
0            231      5.152e-22
0            232    2.21818e-27
0            233    3.34429e-33
0            234    1.80929e-39
0            235    3.58425e-46
0            236    2.86873e-53
0            237    9.43236e-61
0            238    1.36751e-68
0            239    9.40506e-77
0            240    3.39011e-85
0            241    6.40498e-94
0            242   6.69116e-103
0            243   4.15291e-112
0            244   1.51822e-121
0            245   3.50629e-131
0            246    5.4655e-141
0            247   5.69948e-151
0            248   4.41799e-161
0            249   2.77903e-171
0            250   1.42045e-181
0            251   6.67352e-192
0            252   2.89297e-202
0            253   1.22768e-212
0            254   5.30159e-223
0            255   2.33437e-233
0            256     1.163e-243
0            257   6.52561e-254
0            258   4.38414e-264
0            259   3.48045e-274
0            260   3.44542e-284
0            261   4.17143e-294
0            262   6.66509e-304
0            263              0
0            264              0
0            265              0
0            266              0
0            267              0
0            268              0
0            269              0
0            270              0
0            271              0
0            272              0
0            273              0
0            274              0
0            275              0
0            276              0
0            277              0
0            278              0
0            279              0
0            280              0
0            281              0
0            282              0
0            283              0
0            284              0
0            285              0
0            286              0
0            287              0
0            288              0
0            289   4.06046e-290
0            290   7.43017e-271
0            291     7.034e-252
0            292   3.19179e-233
0            293   5.80638e-215
0            294   3.80805e-197
0            295   8.21033e-180
0            296   5.50395e-163
0            297   9.70756e-147
0            298   4.14437e-131
0            299   4.05572e-116
0            300   7.91984e-102
0            301    2.74039e-88
0            302    1.53452e-75
0            303    1.23622e-63
0            304    1.29108e-52
0            305    1.62411e-42
0            306    2.28891e-33
0            307    3.28068e-25
0            308    4.53317e-18
0            309    5.67629e-12
0            310    6.07258e-07
0            311     0.00485529
0            312        2.39893
0            313         57.321
0            314        57.3403
0            315        2.39434
0            316     0.00484876
0            317    6.05382e-07
0            318    5.69756e-12
0            319    4.53413e-18
0            320    3.26292e-25
0            321    2.22677e-33
0            322    1.54321e-42
0            323    1.18548e-52
0            324    1.12364e-63
0            325    1.41412e-75
0            326    2.71557e-88
0            327   8.12649e-102
0            328   4.30269e-116
0            329   4.32966e-131
0            330   9.17156e-147
0            331   4.61128e-163
0            332   6.73427e-180
0            333   3.22183e-197
0            334   5.34569e-215
0            335   3.28582e-233
0            336   8.21738e-252
0            337   8.98446e-271
0            338   4.88884e-290
0            339              0
0            340              0
0            341              0
0            342              0
0            343              0
0            344              0
0            345              0
0            346              0
0            347              0
0            348              0
0            349              0
0            350              0
0            351              0
0            352              0
0            353              0
0            354              0
0            355              0
0            356              0
0            357              0
0            358              0
0            359              0
0            360              0
0            361              0
0            362              0
0            363              0
0            364              0
0            365              0
0            366              0
0            367              0
0            368              0
0            369              0
0            370              0
0            371              0
0            372              0
0            373              0
0            374              0
0            375              0
0            376              0
0            377              0
0            378              0
0            379              0
0            380              0
0            381              0
0            382              0
0            383              0
0            384              0
0            385              0
0            386              0
0            387              0
0            388              0
0            389              0
0            390              0
0            391              0
0            392              0
0            393              0
0            394              0
0            395              0
0            396              0
0            397              0
0            398              0
0            399              0
0            400              0
0            401              0
0            402              0
0            403              0
0            404              0
0            405              0
0            406              0
0            407              0
0            408              0
0            409              0
0            410              0
0            411   2.89586e-302
0            412   1.72931e-286
0            413   5.22777e-271
0            414   8.08048e-256
0            415   5.81138e-241
0            416   1.94261e-226
0            417   2.89253e-212
0            418   1.83034e-198
0            419   5.00307e-185
0            420   5.65361e-172
0            421   2.55324e-159
0            422   4.50668e-147
0            423   3.11215e-135
0            424   7.98758e-124
0            425   7.42256e-113
0            426    2.4375e-102
0            427      2.796e-92
0            428    1.06435e-82
0            429    1.36837e-73
0            430    5.62197e-65
0            431     7.4747e-57
0            432    3.08327e-49
0            433    4.00442e-42
0            434    1.55821e-35
0            435    1.85071e-29
0            436    6.46357e-24
0            437    6.55205e-19
0            438    1.93727e-14
0            439    1.62296e-10
0            440    3.81651e-07
0            441    0.000242947
0            442      0.0399665
0            443        1.61452
0            444        15.2326
0            445        32.3225
0            446        15.2359
0            447        1.61646
0            448      0.0399045
0            449    0.000241975
0            450    3.82208e-07
0            451    1.62504e-10
0            452    1.93244e-14
0            453    6.54024e-19
0            454    6.42384e-24
0            455    1.84765e-29
0            456    1.57069e-35
0            457    4.02156e-42
0            458    3.13289e-49
0            459    7.69263e-57
0            460    5.86898e-65
0            461    1.42116e-73
0            462    1.13713e-82
0            463    2.99783e-92
0            464   2.68161e-102
0            465   8.26108e-113
0            466   9.07483e-124
0            467   3.61861e-135
0            468   5.32775e-147
0            469   3.00513e-159
0            470   6.76162e-172
0            471   6.04889e-185
0            472   2.30108e-198
0            473   3.68983e-212
0            474   2.53665e-226
0            475   8.07941e-241
0            476   1.11167e-255
0            477   7.28392e-271
0            478   2.12978e-286
0            479   3.02269e-302
0            480              0
0            481              0
0            482              0
0            483              0
0            484              0
0            485              0
0            486              0
0            487              0
0            488              0
0            489              0
0            490              0
0            491              0
0            492              0
0            493              0
0            494              0
0            495              0
0            496              0
0            497              0
0            498              0
0            499              0
0            500              0
0            501              0
0            502              0
0            503              0
0            504              0
0            505              0
0            506              0
0            507              0
0            508              0
0            509              0
0            510              0
0            511              0
0            512              0
0            513              0
0            514              0
0            515              0
0            516              0
0            517              0
0            518              0
0            519              0
0            520              0
0            521              0
0            522              0
0            523              0
0            524              0
0            525              0
0            526              0
0            527              0
0            528              0
0            529              0
0            530              0
0            531              0
0            532              0
0            533              0
0            534              0
0            535              0
0            536              0
0            537              0
0            538              0
0            539              0
0            540              0
0            541              0
0            542              0
0            543              0
0            544              0
0            545    1.62749e-26
0            546    2.35158e-26
0            547    3.33935e-26
0            548    4.92137e-26
0            549    3.42665e-26
0            550    3.34187e-27
0            551    4.82233e-29
0            552    4.79745e-31
0            553    5.55437e-41
0            554    6.86658e-05
0            555    7.50433e-05
0            556     8.1054e-05
0            557    8.34404e-05
0            558    4.83469e-05
0            559     6.6052e-06
0            560    2.55357e-07
0            561    3.45376e-09
0            562    1.11421e-21
0            563        377.541
0            564        361.002
0            565        327.641
0            566        232.562
0            567        88.7368
0            568        10.4968
0            569       0.526683
0            570      0.0172268
0            571    2.03891e-16
0            572    7.24901e-10
0            573    8.98894e-10
0            574    1.07178e-09
0            575    1.26448e-09
0            576    8.33052e-10
0            577    1.15613e-10
0            578    5.05132e-12
0            579    3.51966e-14
0            580    7.38407e-26
0            581    1.08594e-34
0            582    1.78799e-34
0            583     2.5338e-34
0            584     4.7299e-34
0            585    2.24344e-34
0            586    1.92817e-35
0            587    2.32998e-37
0            588    3.25579e-40
0            589    8.18475e-49
0            590     4.8329e-68
0            591    8.99874e-68
0            592    1.52846e-67
0            593    3.03698e-67
0            594    1.14552e-67
0            595    4.56908e-69
0            596    1.22877e-71
0            597    1.07815e-75
0            598    1.81041e-82
