0              0    3.18999e-63
0              1    1.80767e-61
0              2    1.11858e-59
0              3    7.23232e-58
0              4     5.0087e-56
0              5     3.5592e-54
0              6    2.71635e-52
0              7    2.19141e-50
0              8    1.78963e-48
0              9    1.54628e-46
0             10    1.38509e-44
0             11    1.25279e-42
0             12    1.16643e-40
0             13    1.09218e-38
0             14    9.99067e-37
0             15    9.24774e-35
0             16    8.28393e-33
0             17    7.06178e-31
0             18    5.82766e-29
0             19    4.60731e-27
0             20    3.56455e-25
0             21     2.6222e-23
0             22    1.86221e-21
0             23    1.30749e-19
0             24     8.3988e-18
0             25    5.09647e-16
0             26    2.84436e-14
0             27    1.39576e-12
0             28    6.08427e-11
0             29    2.28581e-09
0             30    7.47331e-08
0             31    2.06198e-06
0             32    4.63661e-05
0             33    0.000857651
0             34      0.0127503
0             35       0.147275
0             36        1.30016
0             37        8.57153
0             38        41.0745
0             39        142.316
0             40        350.167
0             41        601.521
0             42        721.538
0             43        602.404
0             44        349.674
0             45        143.044
0             46        41.5497
0             47        8.58473
0             48        1.30245
0             49       0.148065
0             50      0.0128777
0             51    0.000859754
0             52    4.61937e-05
0             53    2.03981e-06
0             54    7.36013e-08
0             55    2.23616e-09
0             56    5.80312e-11
0             57    1.29558e-12
0             58    2.56925e-14
0             59     4.5961e-16
0             60    7.27202e-18
0             61    1.05646e-19
0             62    1.45768e-21
0             63    1.87911e-23
0             64    2.33721e-25
0             65    2.74731e-27
0             66    3.16655e-29
0             67    3.63796e-31
0             68    3.94186e-33
0             69    4.32157e-35
0             70    4.68106e-37
0             71      4.924e-39
0             72    5.22924e-41
0             73    5.54493e-43
0             74    5.95828e-45
0             75    6.41525e-47
0             76    7.03305e-49
0             77     8.2117e-51
0             78    9.81939e-53
0             79    1.23755e-54
0             80    1.67222e-56
0             81    2.36178e-58
0             82    3.58213e-60
0             83    5.93232e-62
0             84    1.02601e-63
0             85    1.94505e-65
0             86    4.07259e-67
0             87    8.99385e-69
0             88    2.19269e-70
0             89     5.7325e-72
0             90    1.66591e-73
0             91   6.39537e-109
0             92    6.3377e-106
0             93   7.03322e-103
0             94   8.62675e-100
0             95    1.17513e-96
0             96      1.763e-93
0             97    2.98447e-90
0             98    5.42094e-87
0             99    1.08152e-83
0            100    2.36707e-80
0            101    5.56188e-77
0            102    1.36283e-73
0            103    3.47197e-70
0            104    8.86234e-67
0            105    2.27659e-63
0            106    5.59434e-60
0            107    1.33197e-56
0            108    2.98174e-53
0            109    6.14714e-50
0            110    1.15979e-46
0            111    1.97134e-43
0            112     2.9567e-40
0            113    3.95238e-37
0            114    4.47617e-34
0            115    4.52531e-31
0            116    3.78882e-28
0            117    2.64629e-25
0            118    1.51368e-22
0            119     6.9159e-20
0            120     2.5063e-17
0            121     7.0262e-15
0            122     1.4977e-12
0            123    2.40177e-10
0            124    2.82251e-08
0            125    2.34652e-06
0            126     0.00013616
0            127     0.00532402
0            128       0.134719
0            129        2.08423
0            130        18.7419
0            131        93.5075
0            132        248.052
0            133        344.555
0            134        248.181
0            135        93.2208
0            136        18.7001
0            137        2.07499
0            138       0.133148
0            139     0.00529047
0            140    0.000134003
0            141    2.31826e-06
0            142    2.74789e-08
0            143    2.33294e-10
0            144    1.44138e-12
0            145    6.57975e-15
0            146    2.29086e-17
0            147    6.20199e-20
0            148    1.34519e-22
0            149    2.33892e-25
0            150    3.38827e-28
0            151    4.15485e-31
0            152    4.32425e-34
0            153    3.86341e-37
0            154    3.04375e-40
0            155    2.12441e-43
0            156    1.34548e-46
0            157    7.80774e-50
0            158    4.07887e-53
0            159    2.08725e-56
0            160    9.97819e-60
0            161    4.76781e-63
0            162    2.30289e-66
0            163     1.1654e-69
0            164    6.25746e-73
0            165    3.53761e-76
0            166    2.10263e-79
0            167    1.32559e-82
0            168    8.58082e-86
0            169    5.90987e-89
0            170    4.23416e-92
0            171    3.24551e-95
0            172    2.63502e-98
0            173   2.31531e-101
0            174   2.23352e-104
0            175   2.36631e-107
0            176   2.69153e-110
0            177   3.46762e-113
0            178   5.01441e-116
0            179   8.16034e-119
0            180   1.51194e-121
0            181   3.21996e-124
0            182   6.10168e-186
0            183   8.96039e-181
0            184   1.55268e-175
0            185   3.11187e-170
0            186   6.85604e-165
0            187   1.70968e-159
0            188   4.60651e-154
0            189   1.34966e-148
0            190   4.38007e-143
0            191   1.54367e-137
0            192   6.33293e-132
0            193   3.08181e-126
0            194   1.70748e-120
0            195   9.64673e-115
0            196   5.30156e-109
0            197   2.65441e-103
0            198    1.19082e-97
0            199    4.76406e-92
0            200    1.77841e-86
0            201    6.28992e-81
0            202    2.13088e-75
0            203    6.31543e-70
0            204    1.47267e-64
0            205    2.59353e-59
0            206     3.2275e-54
0            207    2.89786e-49
0            208    1.86893e-44
0            209    8.57603e-40
0            210    2.84321e-35
0            211    6.45158e-31
0            212    9.35727e-27
0            213     8.3132e-23
0            214     4.2762e-19
0            215    1.22622e-15
0            216    1.95001e-12
0            217    1.65513e-09
0            218    7.30722e-07
0            219    0.000161957
0            220      0.0171906
0            221        0.77941
0            222         13.397
0            223        77.8268
0            224        140.931
0            225        77.6554
0            226        13.3607
0            227       0.774746
0            228      0.0170168
0            229    0.000160764
0            230    7.15747e-07
0            231    1.62433e-09
0            232    1.90436e-12
0            233    1.21374e-15
0            234    4.30167e-19
0            235    8.67715e-23
0            236    1.06889e-26
0            237    8.30949e-31
0            238    4.37714e-35
0            239    1.66756e-39
0            240    4.78495e-44
0            241    9.79597e-49
0            242    1.38797e-53
0            243    1.35893e-58
0            244    9.02843e-64
0            245    4.20958e-69
0            246    1.43304e-74
0            247    3.54803e-80
0            248    6.75585e-86
0            249    1.03636e-91
0            250    1.28336e-97
0            251   1.39521e-103
0            252   1.38149e-109
0            253   1.39349e-115
0            254   1.72665e-121
0            255    3.1255e-127
0            256    8.0852e-133
0            257   2.43438e-138
0            258   7.82112e-144
0            259    2.5921e-149
0            260   9.06907e-155
0            261   3.31923e-160
0            262   1.33064e-165
0            263   5.94288e-171
0            264   3.00756e-176
0            265   1.70984e-181
0            266    1.1604e-186
0            267   9.43079e-192
0            268   9.19243e-197
0            269   1.12063e-201
0            270   1.66214e-206
0            271   3.12692e-211
0            272   7.60523e-216
0            273              0
0            274              0
0            275              0
0            276              0
0            277   6.19685e-301
0            278   6.04279e-291
0            279   7.03496e-281
0            280   1.05084e-270
0            281   2.11277e-260
0            282   5.99425e-250
0            283   2.13674e-239
0            284   8.56786e-229
0            285   3.38946e-218
0            286   1.31117e-207
0            287   4.82068e-197
0            288   1.69213e-186
0            289   5.53728e-176
0            290   1.57024e-165
0            291   3.61609e-155
0            292    6.4946e-145
0            293   8.59934e-135
0            294   8.20421e-125
0            295   5.21661e-115
0            296   1.99792e-105
0            297    3.96752e-96
0            298    3.82604e-87
0            299    1.75263e-78
0            300     3.6356e-70
0            301    3.37982e-62
0            302    1.41886e-54
0            303    2.57032e-47
0            304    1.85419e-40
0            305    4.94172e-34
0            306    4.56981e-28
0            307    1.37914e-22
0            308    1.32929e-17
0            309    3.97697e-13
0            310    3.57998e-09
0            311    9.06851e-06
0            312     0.00595921
0            313       0.830134
0            314        18.7709
0            315        54.6001
0            316        18.7627
0            317       0.830794
0            318     0.00596135
0            319    9.11392e-06
0            320    3.59301e-09
0            321    3.99031e-13
0            322    1.32066e-17
0            323    1.37034e-22
0            324    4.71227e-28
0            325    5.58732e-34
0            326    2.47115e-40
0            327    4.17755e-47
0            328    2.87179e-54
0            329    8.04181e-62
0            330    9.11047e-70
0            331    4.15088e-78
0            332    8.00354e-87
0            333    6.89611e-96
0            334   2.93154e-105
0            335   7.35194e-115
0            336   1.30211e-124
0            337   1.65189e-134
0            338   1.41503e-144
0            339   8.23089e-155
0            340   3.20667e-165
0            341   8.66641e-176
0            342   1.80421e-186
0            343   3.04753e-197
0            344   4.62703e-208
0            345   7.22377e-219
0            346   1.55798e-229
0            347   5.80543e-240
0            348    3.2856e-250
0            349   2.23692e-260
0            350   1.66495e-270
0            351   1.35121e-280
0            352   1.25507e-290
0            353   1.33518e-300
0            354              0
0            355              0
0            356              0
0            357              0
0            358              0
0            359              0
0            360              0
0            361              0
0            362              0
0            363              0
0            364              0
0            365              0
0            366              0
0            367              0
0            368              0
0            369              0
0            370              0
0            371              0
0            372              0
0            373              0
0            374              0
0            375              0
0            376              0
0            377              0
0            378              0
0            379              0
0            380              0
0            381              0
0            382              0
0            383              0
0            384              0
0            385              0
0            386              0
0            387              0
0            388              0
0            389              0
0            390              0
0            391              0
0            392              0
0            393              0
0            394              0
0            395              0
0            396              0
0            397              0
0            398   7.78554e-304
0            399    3.4391e-294
0            400   1.42421e-284
0            401   5.38297e-275
0            402   1.85294e-265
0            403   5.47587e-256
0            404   1.33489e-246
0            405   2.63948e-237
0            406   4.04017e-228
0            407   4.87223e-219
0            408    4.4018e-210
0            409   2.96988e-201
0            410   1.50536e-192
0            411   5.68778e-184
0            412   1.59915e-175
0            413   3.20821e-167
0            414   4.71614e-159
0            415   4.89517e-151
0            416   3.62923e-143
0            417   1.91281e-135
0            418   7.16885e-128
0            419   1.97657e-120
0            420   3.94449e-113
0            421    5.5009e-106
0            422     5.1508e-99
0            423    3.16821e-92
0            424    1.22819e-85
0            425    2.95229e-79
0            426    4.35848e-73
0            427    3.94847e-67
0            428    2.14067e-61
0            429    7.04055e-56
0            430     1.3582e-50
0            431    1.54694e-45
0            432    1.01084e-40
0            433    3.82743e-36
0            434    8.13989e-32
0            435    9.88042e-28
0            436    6.70492e-24
0            437    2.53249e-20
0            438    5.36341e-17
0            439    6.26324e-14
0            440    4.03551e-11
0            441    1.41511e-08
0            442    2.65699e-06
0            443    0.000261148
0            444      0.0128969
0            445       0.299711
0            446         3.0461
0            447        12.6329
0            448        20.4124
0            449        12.6294
0            450        3.04757
0            451       0.299742
0            452      0.0128906
0            453    0.000261003
0            454    2.65586e-06
0            455     1.4152e-08
0            456    4.03807e-11
0            457     6.2666e-14
0            458    5.32705e-17
0            459    2.52151e-20
0            460    6.60439e-24
0            461    9.65282e-28
0            462    7.99502e-32
0            463    3.73688e-36
0            464    9.94855e-41
0            465    1.51339e-45
0            466    1.33395e-50
0            467     6.8574e-56
0            468    2.06998e-61
0            469    3.72702e-67
0            470    4.07014e-73
0            471    2.68247e-79
0            472    1.09981e-85
0            473    2.80006e-92
0            474    4.52121e-99
0            475   4.91015e-106
0            476   3.56771e-113
0            477   1.85524e-120
0            478   6.78168e-128
0            479   1.80889e-135
0            480   3.44776e-143
0            481   4.89245e-151
0            482    5.0322e-159
0            483   3.83845e-167
0            484   2.14115e-175
0            485   8.66437e-184
0            486   2.53211e-192
0            487   5.46599e-201
0            488   8.60233e-210
0            489   9.95253e-219
0            490   8.66412e-228
0            491   5.85546e-237
0            492   3.05594e-246
0            493   1.27878e-255
0            494   4.44806e-265
0            495   1.28876e-274
0            496   3.27604e-284
0            497   7.07228e-294
0            498   1.35321e-303
0            499              0
0            500              0
0            501              0
0            502              0
0            503              0
0            504              0
0            505              0
0            506              0
0            507              0
0            508              0
0            509              0
0            510              0
0            511              0
0            512              0
0            513              0
0            514              0
0            515              0
0            516              0
0            517              0
0            518              0
0            519              0
0            520              0
0            521              0
0            522              0
0            523              0
0            524              0
0            525              0
0            526              0
0            527              0
0            528              0
0            529              0
0            530              0
0            531              0
0            532              0
0            533              0
0            534              0
0            535              0
0            536              0
0            537              0
0            538              0
0            539              0
0            540              0
0            541              0
0            542              0
0            543              0
0            544              0
0            545    1.31461e-21
0            546    2.19863e-21
0            547    3.33891e-21
0            548    5.82941e-21
0            549    1.11164e-20
0            550    8.46813e-21
0            551    2.21938e-21
0            552    2.64929e-22
0            553    1.01248e-23
0            554    1.35136e-05
0            555    1.58806e-05
0            556    1.86438e-05
0            557    2.29328e-05
0            558    2.21866e-05
0            559    8.55339e-06
0            560    1.94488e-06
0            561    1.55569e-07
0            562    4.30512e-09
0            563        359.942
0            564        345.021
0            565        317.311
0            566        235.359
0            567        106.202
0            568        20.8625
0            569        2.96547
0            570       0.208822
0            571     0.00295887
0            572    0.000710533
0            573    0.000793516
0            574    0.000883881
0            575    0.000992382
0            576    0.000846461
0            577     0.00029322
0            578    5.95244e-05
0            579    5.33808e-06
0            580    1.11809e-07
0            581    5.76482e-19
0            582    8.35676e-19
0            583    1.21873e-18
0            584    2.12506e-18
0            585    3.55913e-18
0            586    2.72594e-18
0            587    7.02007e-19
0            588    8.40148e-20
0            589    3.15227e-21
0            590    1.65448e-39
0            591    3.65091e-39
0            592    1.10315e-38
0            593    2.39125e-38
0            594    4.23888e-38
0            595    4.26883e-38
0            596    1.05948e-38
0            597    2.49104e-39
0            598    2.70365e-40
