0              0    5.61499e-88
0              1    1.47851e-85
0              2     4.3876e-83
0              3     1.3851e-80
0              4    4.82833e-78
0              5    1.76121e-75
0              6    7.18134e-73
0              7    3.20736e-70
0              8    1.47907e-67
0              9    7.47488e-65
0             10    4.01698e-62
0             11    2.21154e-59
0             12      1.284e-56
0             13     7.6477e-54
0             14    4.51473e-51
0             15     2.7932e-48
0             16    1.70385e-45
0             17    9.97537e-43
0             18    5.67982e-40
0             19    3.04824e-37
0             20    1.55321e-34
0             21     7.0472e-32
0             22    2.86625e-29
0             23     1.0694e-26
0             24    3.29912e-24
0             25    8.90653e-22
0             26     2.0528e-19
0             27      3.847e-17
0             28     5.9968e-15
0             29    7.50844e-13
0             30    7.67596e-11
0             31    6.16315e-09
0             32    3.71886e-07
0             33     1.7113e-05
0             34    0.000584309
0             35      0.0142136
0             36        0.24198
0             37        2.80608
0             38        21.4495
0             39        107.521
0             40        345.575
0             41         697.09
0             42        883.039
0             43         699.35
0             44        345.748
0             45        108.544
0             46        21.8365
0             47        2.81881
0             48       0.242988
0             49      0.0143303
0             50    0.000592408
0             51    1.71724e-05
0             52    3.69683e-07
0             53    6.05133e-09
0             54    7.45256e-11
0             55    7.17447e-13
0             56    5.49979e-15
0             57    3.38944e-17
0             58    1.75129e-19
0             59    7.72525e-22
0             60    2.82088e-24
0             61    8.91835e-27
0             62    2.54339e-29
0             63    6.37069e-32
0             64    1.46301e-34
0             65     2.9958e-37
0             66    5.78482e-40
0             67    1.08952e-42
0             68    1.87057e-45
0             69     3.2808e-48
0             70    5.79641e-51
0             71    1.02404e-53
0             72    1.93844e-56
0             73    3.88673e-59
0             74    8.34645e-62
0             75     1.8554e-64
0             76    4.27679e-67
0             77     1.0664e-69
0             78    2.69491e-72
0             79    7.10821e-75
0             80    1.99443e-77
0             81    5.73642e-80
0             82    1.75353e-82
0             83    5.83845e-85
0             84     1.9932e-87
0             85    7.51003e-90
0             86    3.16816e-92
0             87     1.4059e-94
0             88    7.06914e-97
0             89    3.87466e-99
0             90   2.44721e-101
0             91   1.80277e-156
0             92   4.64441e-152
0             93   1.39546e-147
0             94   4.76013e-143
0             95   1.83021e-138
0             96   7.75338e-134
0             97   3.69355e-129
0             98   1.82079e-124
0             99   9.56578e-120
0            100   5.36544e-115
0            101   3.16204e-110
0            102   1.93665e-105
0            103   1.27858e-100
0            104    9.04875e-96
0            105     7.0582e-91
0            106    5.59006e-86
0            107    4.44413e-81
0            108    3.30907e-76
0            109    2.20972e-71
0            110    1.30494e-66
0            111    6.63874e-62
0            112    2.80075e-57
0            113    9.82499e-53
0            114    2.63464e-48
0            115    5.78721e-44
0            116    9.33947e-40
0            117    1.12367e-35
0            118    9.84356e-32
0            119     6.0543e-28
0            120    2.57889e-24
0            121    7.31109e-21
0            122    1.34347e-17
0            123    1.57664e-14
0            124    1.14212e-11
0            125    4.88543e-09
0            126    1.22089e-06
0            127    0.000171811
0            128      0.0130714
0            129       0.505033
0            130         9.3644
0            131        78.9507
0            132        287.484
0            133        444.295
0            134        287.981
0            135         78.777
0            136        9.35702
0            137       0.502879
0            138      0.0128713
0            139    0.000170165
0            140    1.19423e-06
0            141    4.82943e-09
0            142    1.12026e-11
0            143    1.57407e-14
0            144    1.36405e-17
0            145    7.42505e-21
0            146    2.65042e-24
0            147    6.37238e-28
0            148    1.07556e-31
0            149    1.26979e-35
0            150    1.09836e-39
0            151    7.04579e-44
0            152    3.33861e-48
0            153    1.18639e-52
0            154    3.32262e-57
0            155    7.55767e-62
0            156    1.49529e-66
0            157    2.69267e-71
0            158    4.36593e-76
0            159    7.12479e-81
0            160    1.05509e-85
0            161    1.49803e-90
0            162    1.99724e-95
0            163   2.59022e-100
0            164   3.35371e-105
0            165    4.4162e-110
0            166   6.13398e-115
0            167   9.45521e-120
0            168   1.56817e-124
0            169   2.97635e-129
0            170    6.1794e-134
0            171   1.45912e-138
0            172   3.82497e-143
0            173   1.14673e-147
0            174   4.00497e-152
0            175   1.62882e-156
0            176   7.44241e-161
0            177   4.14064e-165
0            178   2.77697e-169
0            179   2.24214e-173
0            180    2.2293e-177
0            181   2.76115e-181
0            182   3.98162e-292
0            183    1.0115e-283
0            184   3.59004e-275
0            185   1.72544e-266
0            186   1.03711e-257
0            187   8.16283e-249
0            188   7.74889e-240
0            189   8.78923e-231
0            190   1.17518e-221
0            191   1.65335e-212
0            192   2.46523e-203
0            193   3.74949e-194
0            194   5.61405e-185
0            195   7.65405e-176
0            196   9.70629e-167
0            197   1.10555e-157
0            198   1.14546e-148
0            199   1.04162e-139
0            200   8.03771e-131
0            201   4.66769e-122
0            202   1.98294e-113
0            203   5.82327e-105
0            204    1.12119e-96
0            205    1.41811e-88
0            206    1.07459e-80
0            207    4.88728e-73
0            208    1.25505e-65
0            209    1.69787e-58
0            210    1.20675e-51
0            211    4.20387e-45
0            212    6.70308e-39
0            213    4.73534e-33
0            214    1.38395e-27
0            215    1.58647e-22
0            216    7.05709e-18
0            217    1.14998e-13
0            218    6.63971e-10
0            219    1.30846e-06
0            220     0.00084565
0            221       0.158947
0            222        7.66592
0            223        83.4381
0            224        186.625
0            225        83.4554
0            226        7.68703
0            227       0.159198
0            228    0.000844825
0            229    1.31479e-06
0            230    6.54286e-10
0            231     1.1312e-13
0            232    6.83961e-18
0            233    1.55105e-22
0            234    1.36149e-27
0            235    4.74331e-33
0            236    7.08591e-39
0            237    4.52423e-45
0            238    1.27822e-51
0            239    1.67265e-58
0            240    1.10967e-65
0            241    3.85051e-73
0            242    7.70406e-81
0            243    9.99111e-89
0            244    8.64263e-97
0            245   5.20555e-105
0            246   2.21665e-113
0            247   6.37097e-122
0            248    1.3151e-130
0            249    2.0761e-139
0            250   2.50252e-148
0            251   2.56484e-157
0            252   2.24075e-166
0            253   1.74918e-175
0            254   1.25321e-184
0            255   8.16378e-194
0            256   5.27754e-203
0            257   3.40226e-212
0            258   2.33978e-221
0            259   1.73048e-230
0            260   1.46933e-239
0            261   1.42769e-248
0            262   1.72426e-257
0            263   2.67072e-266
0            264   5.47395e-275
0            265   1.47116e-283
0            266   5.73423e-292
0            267   3.24574e-300
0            268              0
0            269              0
0            270              0
0            271              0
0            272              0
0            273              0
0            274              0
0            275              0
0            276              0
0            277              0
0            278              0
0            279              0
0            280              0
0            281              0
0            282              0
0            283              0
0            284              0
0            285              0
0            286              0
0            287              0
0            288   3.59336e-298
0            289   9.76315e-281
0            290   2.04228e-263
0            291   2.84203e-246
0            292   2.22188e-229
0            293   7.93403e-213
0            294   1.17103e-196
0            295   6.50158e-181
0            296    1.2921e-165
0            297   8.23295e-151
0            298   1.73533e-136
0            299   1.32322e-122
0            300   3.36927e-109
0            301    2.40461e-96
0            302    4.14031e-84
0            303    1.49137e-72
0            304    1.00441e-61
0            305    1.18296e-51
0            306    2.32177e-42
0            307    7.08176e-34
0            308    3.21812e-26
0            309    2.03546e-19
0            310    1.69238e-13
0            311    1.70509e-08
0            312    0.000195311
0            313       0.210764
0            314        16.4774
0            315        72.6844
0            316        16.4603
0            317       0.210694
0            318    0.000194807
0            319    1.71161e-08
0            320     1.7027e-13
0            321    2.05837e-19
0            322    3.17304e-26
0            323    6.58102e-34
0            324    1.97061e-42
0            325    9.01104e-52
0            326    7.23429e-62
0            327    1.10542e-72
0            328    3.73456e-84
0            329    2.89109e-96
0            330    5.1726e-109
0            331   2.16864e-122
0            332   2.37492e-136
0            333   7.56889e-151
0            334    8.1231e-166
0            335   3.54716e-181
0            336   7.29783e-197
0            337   7.22559e-213
0            338   3.49598e-229
0            339   8.91546e-246
0            340   1.18043e-262
0            341   8.55769e-280
0            342   4.04832e-297
0            343              0
0            344              0
0            345              0
0            346              0
0            347              0
0            348              0
0            349              0
0            350              0
0            351              0
0            352              0
0            353              0
0            354              0
0            355              0
0            356              0
0            357              0
0            358              0
0            359              0
0            360              0
0            361              0
0            362              0
0            363              0
0            364              0
0            365              0
0            366              0
0            367              0
0            368              0
0            369              0
0            370              0
0            371              0
0            372              0
0            373              0
0            374              0
0            375              0
0            376              0
0            377              0
0            378              0
0            379              0
0            380              0
0            381              0
0            382              0
0            383              0
0            384              0
0            385              0
0            386              0
0            387              0
0            388              0
0            389              0
0            390              0
0            391              0
0            392              0
0            393              0
0            394              0
0            395              0
0            396              0
0            397              0
0            398              0
0            399              0
0            400              0
0            401              0
0            402              0
0            403              0
0            404              0
0            405              0
0            406              0
0            407              0
0            408              0
0            409              0
0            410              0
0            411   1.08565e-305
0            412   2.87669e-291
0            413   3.94961e-277
0            414   3.15596e-263
0            415   1.40585e-249
0            416   3.61049e-236
0            417   5.24692e-223
0            418   4.14108e-210
0            419   1.77691e-197
0            420   3.88963e-185
0            421   4.11277e-173
0            422   2.02635e-161
0            423   4.62758e-150
0            424   4.66207e-139
0            425   2.03312e-128
0            426   3.77978e-118
0            427   2.98436e-108
0            428    9.58017e-99
0            429     1.2795e-89
0            430    6.74763e-81
0            431    1.42688e-72
0            432    1.15868e-64
0            433    3.67527e-57
0            434    4.31719e-50
0            435    1.91714e-43
0            436    3.08979e-37
0            437    1.78253e-31
0            438    3.70745e-26
0            439    2.70234e-21
0            440    6.92221e-17
0            441    6.13019e-13
0            442    1.84846e-09
0            443    1.86764e-06
0            444    0.000612738
0            445      0.0616535
0            446        1.78177
0            447        13.8329
0            448        27.5568
0            449        13.8351
0            450        1.78494
0            451      0.0617552
0            452     0.00061336
0            453    1.86904e-06
0            454    1.84856e-09
0            455    6.12438e-13
0            456    6.90644e-17
0            457    2.69093e-21
0            458    3.64697e-26
0            459    1.76138e-31
0            460    3.00207e-37
0            461    1.83506e-43
0            462    4.14769e-50
0            463    3.46962e-57
0            464    1.09967e-64
0            465    1.33698e-72
0            466    6.41275e-81
0            467    1.22924e-89
0            468    9.52217e-99
0            469   3.05419e-108
0            470   4.16119e-118
0            471   2.38113e-128
0            472   5.98535e-139
0            473   6.51777e-150
0            474   3.12459e-161
0            475   7.08173e-173
0            476   7.31124e-185
0            477   3.79434e-197
0            478   9.62249e-210
0            479    1.2949e-222
0            480   9.05497e-236
0            481   3.55789e-249
0            482   7.53496e-263
0            483    9.0582e-277
0            484   6.18837e-291
0            485   2.40098e-305
0            486              0
0            487              0
0            488              0
0            489              0
0            490              0
0            491              0
0            492              0
0            493              0
0            494              0
0            495              0
0            496              0
0            497              0
0            498              0
0            499              0
0            500              0
0            501              0
0            502              0
0            503              0
0            504              0
0            505              0
0            506              0
0            507              0
0            508              0
0            509              0
0            510              0
0            511              0
0            512              0
0            513              0
0            514              0
0            515              0
0            516              0
0            517              0
0            518              0
0            519              0
0            520              0
0            521              0
0            522              0
0            523              0
0            524              0
0            525              0
0            526              0
0            527              0
0            528              0
0            529              0
0            530              0
0            531              0
0            532              0
0            533              0
0            534              0
0            535              0
0            536              0
0            537              0
0            538              0
0            539              0
0            540              0
0            541              0
0            542              0
0            543              0
0            544              0
0            545    2.88123e-30
0            546    5.12621e-30
0            547    8.10865e-30
0            548    1.32418e-29
0            549    1.33312e-29
0            550    2.29929e-30
0            551     5.9755e-32
0            552    8.39974e-34
0            553    1.56535e-40
0            554    5.76241e-08
0            555    6.94342e-08
0            556    8.22326e-08
0            557    9.97561e-08
0            558    7.74047e-08
0            559    1.41577e-08
0            560    8.55091e-10
0            561    7.44387e-12
0            562    2.74482e-21
0            563        458.852
0            564        438.995
0            565         398.31
0            566         281.41
0            567         107.36
0            568        14.0911
0            569        1.00631
0            570      0.0030497
0            571    4.23703e-14
0            572    1.18682e-05
0            573    1.35965e-05
0            574    1.52815e-05
0            575    1.69049e-05
0            576    1.17111e-05
0            577    2.24071e-06
0            578    1.69967e-07
0            579    1.30507e-09
0            580    6.99477e-20
0            581    1.80153e-26
0            582    3.03754e-26
0            583    4.26183e-26
0            584    5.71875e-26
0            585    6.35178e-26
0            586    1.10869e-26
0            587    5.19392e-28
0            588    1.20446e-29
0            589    6.66695e-38
0            590    2.78566e-55
0            591    4.92369e-55
0            592    6.47137e-55
0            593      6.879e-55
0            594    6.38236e-55
0            595    9.71685e-56
0            596    1.41615e-57
0            597    4.72504e-60
0            598    8.25494e-66
