0              0    5.06677e-08
0              1    3.66211e-07
0              2    2.43582e-06
0              3    1.46965e-05
0              4     8.1653e-05
0              5    0.000420346
0              6     0.00204944
0              7     0.00936874
0              8      0.0397266
0              9       0.156258
0             10       0.558426
0             11        1.78616
0             12        5.08277
0             13        12.7206
0             14        27.8269
0             15        53.3455
0             16        88.8485
0             17        128.167
0             18        160.231
0             19        173.232
0             20        161.756
0             21        130.405
0             22        90.9005
0             23        54.5489
0             24        28.4387
0             25        12.8494
0             26        5.03213
0             27        1.72479
0             28       0.516391
0             29       0.136046
0             30      0.0314351
0             31      0.0064333
0             32     0.00118966
0             33    0.000197748
0             34    2.99811e-05
0             35    4.22342e-06
0             36    5.54131e-07
0             37    6.85115e-08
0             38    8.09907e-09
0             39    9.02795e-10
0             40    9.61962e-11
0             41     1.0023e-11
0             42    1.00842e-12
0             43    9.92205e-14
0             44    9.50086e-15
0             45    9.08037e-16
0             46    8.53389e-17
0             47    7.76744e-18
0             48    7.04446e-19
0             49    6.41424e-20
0             50    5.85195e-21
0             51    5.33391e-22
0             52    5.05966e-23
0             53    4.99876e-24
0             54     5.1116e-25
0             55    5.49615e-26
0             56    6.18765e-27
0             57    7.27624e-28
0             58      9.006e-29
0             59    1.16443e-29
0             60    1.54447e-30
0             61    2.11835e-31
0             62    3.03398e-32
0             63    4.46156e-33
0             64     6.8106e-34
0             65    1.06214e-34
0             66     1.7126e-35
0             67    2.89029e-36
0             68     4.9593e-37
0             69    8.89262e-38
0             70    1.66339e-38
0             71    3.19965e-39
0             72    6.41964e-40
0             73    1.34133e-40
0             74    2.91982e-41
0             75    6.60798e-42
0             76    1.55556e-42
0             77    3.86724e-43
0             78      9.986e-44
0             79    2.71343e-44
0             80    7.76674e-45
0             81    2.30667e-45
0             82     7.2014e-46
0             83    2.36721e-46
0             84    8.04574e-47
0             85     2.9035e-47
0             86    1.10263e-47
0             87    4.32574e-48
0             88        1.8e-48
0             89    7.82051e-49
0             90    3.57217e-49
0             91    1.83175e-13
0             92    3.12727e-12
0             93    4.88856e-11
0             94    7.08078e-10
0             95    9.81089e-09
0             96    1.28101e-07
0             97    1.56894e-06
0             98    1.72852e-05
0             99    0.000167881
0            100     0.00141246
0            101      0.0101052
0            102      0.0607156
0            103       0.303205
0            104        1.24806
0            105        4.19307
0            106        11.3957
0            107        24.9831
0            108        43.9534
0            109        61.8525
0            110         69.564
0            111        62.5224
0            112        44.9756
0            113        25.9103
0            114        12.0547
0            115        4.51702
0            116        1.37822
0            117       0.343264
0            118      0.0702839
0            119      0.0119371
0            120      0.0016938
0            121    0.000203409
0            122    2.09462e-05
0            123    1.85603e-06
0            124    1.43337e-07
0            125    9.71168e-09
0            126    5.78809e-10
0            127     3.0421e-11
0            128    1.41831e-12
0            129    5.94247e-14
0            130    2.25911e-15
0            131    7.85975e-17
0            132     2.5974e-18
0            133    8.13365e-20
0            134    2.47806e-21
0            135     7.2648e-23
0            136    2.07512e-24
0            137    5.75986e-26
0            138    1.55338e-27
0            139    4.18869e-29
0            140    1.10619e-30
0            141    3.00953e-32
0            142    8.34048e-34
0            143    2.44274e-35
0            144    7.75154e-37
0            145    2.73165e-38
0            146    1.10173e-39
0            147    5.08688e-41
0            148    2.66359e-42
0            149    1.51402e-43
0            150    9.24163e-45
0            151    5.91795e-46
0            152    3.92163e-47
0            153    2.66719e-48
0            154    1.87046e-49
0            155    1.34909e-50
0            156    1.00864e-51
0            157    7.81283e-53
0            158     6.2072e-54
0            159    5.20536e-55
0            160    4.51391e-56
0            161     4.0919e-57
0            162    3.87374e-58
0            163    3.86517e-59
0            164    4.06598e-60
0            165    4.50656e-61
0            166    5.26457e-62
0            167     6.5428e-63
0            168    8.55647e-64
0            169    1.20019e-64
0            170    1.77312e-65
0            171    2.80833e-66
0            172    4.72293e-67
0            173    8.51025e-68
0            174    1.64431e-68
0            175    3.40242e-69
0            176    7.45116e-70
0            177     1.7509e-70
0            178    4.43031e-71
0            179    1.19015e-71
0            180    3.43914e-72
0            181    1.06229e-72
0            182    4.04148e-20
0            183    3.37428e-18
0            184     2.2736e-16
0            185    1.24259e-14
0            186    5.50508e-13
0            187     2.0486e-11
0            188    6.46871e-10
0            189    1.75456e-08
0            190    4.05062e-07
0            191    7.66482e-06
0            192    0.000115985
0            193     0.00136462
0            194      0.0123451
0            195      0.0860247
0            196       0.464963
0            197        1.91466
0            198        5.86426
0            199        13.1435
0            200         21.361
0            201         25.075
0            202         21.259
0            203        13.0308
0            204        5.79331
0            205        1.87347
0            206       0.446157
0            207      0.0788942
0            208      0.0104895
0            209     0.00106827
0            210    8.48993e-05
0            211    5.39539e-06
0            212    2.74892e-07
0            213     1.1042e-08
0            214    3.44206e-10
0            215    8.30969e-12
0            216    1.55634e-13
0            217    2.34507e-15
0            218    2.96941e-17
0            219    3.30033e-19
0            220    3.25088e-21
0            221    2.86068e-23
0            222    2.19336e-25
0            223    1.43657e-27
0            224    8.14529e-30
0            225    3.96167e-32
0            226    1.71875e-34
0            227    6.89349e-37
0            228    2.68816e-39
0            229    1.08019e-41
0            230     4.5531e-44
0            231     2.0294e-46
0            232    9.09682e-49
0            233    4.08759e-51
0            234    1.81567e-53
0            235    7.94326e-56
0            236    3.51432e-58
0            237    1.56761e-60
0            238    7.15692e-63
0            239    3.39567e-65
0            240    1.71293e-67
0            241    9.16539e-70
0            242    5.28409e-72
0            243    3.38092e-74
0            244     2.3989e-76
0            245    1.94236e-78
0            246    1.81369e-80
0            247    1.92726e-82
0            248    2.34529e-84
0            249    3.24767e-86
0            250    5.00396e-88
0            251    8.62887e-90
0            252    1.65162e-91
0            253    3.51754e-93
0            254    8.30136e-95
0            255    2.16289e-96
0            256    6.31241e-98
0            257    2.04219e-99
0            258   7.42912e-101
0            259   3.00827e-102
0            260   1.36531e-103
0            261    6.9197e-105
0            262   3.94588e-106
0            263   2.52683e-107
0            264   1.81381e-108
0            265   1.45266e-109
0            266   1.31044e-110
0            267   1.32719e-111
0            268   1.50357e-112
0            269    1.9092e-113
0            270   2.69698e-114
0            271   4.24896e-115
0            272   7.50221e-116
0            273    7.12844e-34
0            274    1.31218e-30
0            275    1.86875e-27
0            276     2.0527e-24
0            277    1.74945e-21
0            278    1.12395e-18
0            279    5.03151e-16
0            280    1.46973e-13
0            281    2.66223e-11
0            282    2.98425e-09
0            283    2.09857e-07
0            284    9.48292e-06
0            285    0.000267442
0            286     0.00446104
0            287      0.0440164
0            288       0.278143
0            289        1.19179
0            290        3.43713
0            291        6.55901
0            292        8.18647
0            293        6.60682
0            294        3.44654
0            295         1.1763
0            296       0.267756
0            297      0.0421894
0            298     0.00496088
0            299    0.000435282
0            300    2.39435e-05
0            301    7.23661e-07
0            302     1.2216e-08
0            303    1.32702e-10
0            304    1.11221e-12
0            305    7.56944e-15
0            306    3.87793e-17
0            307    1.42744e-19
0            308    3.76834e-22
0            309    7.26911e-25
0            310    1.02478e-27
0            311    1.05856e-30
0            312     7.8614e-34
0            313    4.22693e-37
0            314    1.63308e-40
0            315    4.59917e-44
0            316    9.57251e-48
0            317    1.50454e-51
0            318    1.81385e-55
0            319    1.71295e-59
0            320    1.30366e-63
0            321    8.25422e-68
0            322    5.00034e-72
0            323    5.37542e-76
0            324    1.51898e-79
0            325    5.61465e-83
0            326    2.07306e-86
0            327    7.33729e-90
0            328     2.5571e-93
0            329    8.88967e-97
0            330    3.1109e-100
0            331   1.11078e-103
0            332   4.15269e-107
0            333   1.64804e-110
0            334   7.05292e-114
0            335    3.3403e-117
0            336   1.80564e-120
0            337   1.13469e-123
0            338   8.48016e-127
0            339   7.86306e-130
0            340   8.95854e-133
0            341   1.24918e-135
0            342   2.13896e-138
0            343   4.42192e-141
0            344    1.1072e-143
0            345   3.28955e-146
0            346   1.17824e-148
0            347   5.10004e-151
0            348   2.65237e-153
0            349   1.66177e-155
0            350   1.25817e-157
0            351   1.15439e-159
0            352   1.28696e-161
0            353   1.71994e-163
0            354   2.80658e-165
0            355   5.51222e-167
0            356   1.29705e-168
0            357   3.68899e-170
0            358   1.26318e-171
0            359   5.13038e-173
0            360   2.49867e-174
0            361   1.44079e-175
0            362    9.8726e-177
0            363    7.9942e-178
0            364    9.23967e-50
0            365    1.61706e-47
0            366    2.46575e-45
0            367    3.32244e-43
0            368    4.22727e-41
0            369    5.95773e-39
0            370    1.09851e-36
0            371    2.38201e-34
0            372    4.93321e-32
0            373    8.83728e-30
0            374    1.32313e-27
0            375    1.64271e-25
0            376    1.67645e-23
0            377    1.40349e-21
0            378    9.60003e-20
0            379     5.3265e-18
0            380    2.38115e-16
0            381    8.60509e-15
0            382    2.51169e-13
0            383    6.03313e-12
0            384    1.21292e-10
0            385    2.06325e-09
0            386    2.98066e-08
0            387    3.56666e-07
0            388    3.46027e-06
0            389    2.67601e-05
0            390    0.000165829
0            391    0.000835875
0            392     0.00352047
0            393      0.0126163
0            394      0.0389946
0            395       0.104742
0            396       0.245602
0            397       0.503692
0            398       0.905446
0            399        1.42813
0            400        1.97632
0            401        2.39853
0            402        2.55495
0            403        2.38975
0            404        1.96008
0            405         1.4058
0            406       0.881491
0            407       0.483184
0            408       0.231476
0            409      0.0964756
0            410      0.0346829
0            411      0.0105828
0            412     0.00267554
0            413    0.000548671
0            414    8.96547e-05
0            415    1.16596e-05
0            416    1.21068e-06
0            417    1.01099e-07
0            418    6.83033e-09
0            419    3.71879e-10
0            420    1.63049e-11
0            421    5.75502e-13
0            422    1.64103e-14
0            423    3.79101e-16
0            424    7.15185e-18
0            425    1.11026e-19
0            426    1.43139e-21
0            427    1.54941e-23
0            428    1.45238e-25
0            429    1.21379e-27
0            430    9.46344e-30
0            431    7.00498e-32
0            432    4.93996e-34
0            433    3.24288e-36
0            434    1.95947e-38
0            435    1.06208e-40
0            436    5.13982e-43
0            437    2.20908e-45
0            438    8.30011e-48
0            439     2.7418e-50
0            440    7.89947e-53
0            441    1.99485e-55
0            442    4.43838e-58
0            443    8.72355e-61
0            444    1.51758e-63
0            445    2.36847e-66
0            446    3.33435e-69
0            447    4.28712e-72
0            448     5.1002e-75
0            449    5.75474e-78
0            450    6.33029e-81
0            451    6.84195e-84
0            452     7.4216e-87
0            453    8.07456e-90
0            454    8.77192e-93
0            455    9.34902e-96
0            456    9.65518e-99
0            457   9.59171e-102
0            458   9.10767e-105
0            459   8.32447e-108
0            460   7.25445e-111
0            461   6.04814e-114
0            462    4.8921e-117
0            463   3.81177e-120
0            464   2.89181e-123
0            465   2.15105e-126
0            466   1.58429e-129
0            467   1.17488e-132
0            468    9.0134e-136
0            469    7.5324e-139
0            470   7.30072e-142
0            471   8.48636e-145
0            472   1.17157e-147
0            473    1.8142e-150
0            474   2.98341e-153
0            475   5.13344e-156
0            476   8.94296e-159
0            477   1.60196e-161
0            478    2.8861e-164
0            479   5.31718e-167
0            480   9.89748e-170
0            481   1.89228e-172
0            482   3.67704e-175
0            483   7.33989e-178
0            484   1.50745e-180
0            485    3.1847e-183
0            486   6.91978e-186
0            487   1.56661e-188
0            488   3.67751e-191
0            489   8.95027e-194
0            490   2.27346e-196
0            491   6.06327e-199
0            492   1.69088e-201
0            493   4.96076e-204
0            494   1.54197e-206
0            495   5.05323e-209
0            496   1.76775e-211
0            497   6.53347e-214
0            498   2.58124e-216
0            499   1.09112e-218
0            500   4.97192e-221
0            501   2.42648e-223
0            502   1.26829e-225
0            503   7.17815e-228
0            504   4.37357e-230
0            505    2.8807e-232
0            506   2.04944e-234
0            507   1.57179e-236
0            508   1.30507e-238
0            509   1.16431e-240
0            510   1.12085e-242
0            511   1.16222e-244
0            512   1.30427e-246
0            513   1.58206e-248
0            514   2.05807e-250
0            515   2.88584e-252
0            516   4.38398e-254
0            517   7.16195e-256
0            518   1.26497e-257
0            519   2.41239e-259
0            520   4.96449e-261
0            521   1.10777e-262
0            522   2.64582e-264
0            523   6.87881e-266
0            524   1.92268e-267
0            525   5.80019e-269
0            526   1.87659e-270
0            527   6.62798e-272
0            528   2.50292e-273
0            529   1.02318e-274
0            530   4.49047e-276
0            531   2.12755e-277
0            532   1.08756e-278
0            533   5.99026e-280
0            534   3.52815e-281
0            535   2.24929e-282
0            536   1.54057e-283
0            537    1.1264e-284
0            538   8.88332e-286
0            539   7.51914e-287
0            540   6.87727e-288
0            541   6.73415e-289
0            542   7.07448e-290
0            543   7.97279e-291
0            544   9.71394e-292
0            545      0.0304711
0            546      0.0302531
0            547      0.0295761
0            548      0.0272789
0            549      0.0203568
0            550     0.00969495
0            551     0.00301635
0            552    0.000779821
0            553    0.000174473
0            554    1.80074e-09
0            555    2.15691e-09
0            556    2.41566e-09
0            557    2.70638e-09
0            558    2.47306e-09
0            559    2.59387e-09
0            560    7.02783e-10
0            561    3.09525e-10
0            562    1.24345e-10
0            563    2.48999e-19
0            564    3.48478e-19
0            565    4.64278e-19
0            566    7.36284e-19
0            567    1.01134e-18
0            568    2.64304e-18
0            569    8.61429e-19
0            570    4.01149e-19
0            571    1.62849e-19
0            572    3.21916e-30
0            573    4.63995e-30
0            574    6.79223e-30
0            575    3.06745e-29
0            576    5.68217e-29
0            577    1.24811e-28
0            578    1.62471e-28
0            579    1.27109e-28
0            580    3.40445e-29
0            581    1.19825e-40
0            582    1.68135e-40
0            583    2.31749e-40
0            584    1.27478e-39
0            585    2.51134e-39
0            586    5.75899e-39
0            587     1.0899e-38
0            588    7.01303e-39
0            589    7.64635e-39
0            590    3.67295e-49
0            591    5.32571e-49
0            592    7.02999e-49
0            593    1.34131e-48
0            594    1.76273e-48
0            595     5.2149e-48
0            596    5.39338e-48
0            597     3.8164e-48
0            598    9.15137e-48
