0              0    8.85994e-57
0              1    6.99053e-56
0              2    5.93395e-55
0              3    5.30558e-54
0              4    5.09689e-53
0              5    5.08667e-52
0              6    5.43247e-51
0              7    6.20326e-50
0              8    7.32138e-49
0              9     9.2012e-48
0             10    1.22197e-46
0             11    1.68744e-45
0             12    2.47404e-44
0             13    3.82927e-43
0             14    6.16162e-42
0             15    1.06242e-40
0             16    1.91607e-39
0             17    3.59749e-38
0             18    7.09957e-37
0             19    1.46373e-35
0             20    3.17308e-34
0             21    7.03043e-33
0             22    1.61098e-31
0             23    3.84974e-30
0             24    9.08187e-29
0             25    2.19553e-27
0             26    5.34158e-26
0             27    1.27377e-24
0             28    3.03354e-23
0             29    7.07657e-22
0             30    1.64978e-20
0             31    3.77717e-19
0             32     8.3317e-18
0             33    1.81212e-16
0             34    3.87652e-15
0             35    7.99525e-14
0             36    1.58501e-12
0             37    2.99625e-11
0             38    5.27042e-10
0             39    8.70268e-09
0             40    1.33606e-07
0             41    1.83168e-06
0             42    2.25498e-05
0             43     0.00024702
0             44     0.00237554
0             45      0.0193129
0             46        0.13281
0             47       0.769143
0             48        3.62534
0             49        13.7855
0             50        41.7359
0             51        100.316
0             52        188.319
0             53        274.826
0             54        311.818
0             55        274.327
0             56        187.527
0             57        99.8803
0             58        41.8264
0             59        13.9245
0             60        3.68621
0             61        0.79117
0             62        0.14074
0             63      0.0208522
0             64     0.00263345
0             65    0.000284005
0             66    2.69424e-05
0             67    2.28686e-06
0             68    1.71036e-07
0             69    1.18726e-08
0             70    7.59304e-10
0             71    4.49447e-11
0             72    2.54263e-12
0             73    1.36976e-13
0             74    7.13392e-15
0             75    3.55519e-16
0             76    1.71362e-17
0             77    8.18645e-19
0             78    3.76977e-20
0             79    1.69314e-21
0             80    7.51874e-23
0             81    3.26254e-24
0             82    1.40593e-25
0             83    6.12924e-27
0             84    2.63814e-28
0             85    1.15452e-29
0             86    5.24546e-31
0             87     2.4095e-32
0             88    1.14751e-33
0             89    5.58762e-35
0             90    2.87155e-36
0             91    5.31532e-89
0             92    1.43031e-87
0             93    4.23506e-86
0             94    1.37835e-84
0             95    4.88161e-83
0             96    1.89146e-81
0             97     8.0447e-80
0             98    3.64513e-78
0             99    1.78752e-76
0            100    9.49228e-75
0            101    5.42005e-73
0            102     3.2805e-71
0            103    2.12076e-69
0            104     1.4323e-67
0            105    1.02621e-65
0            106    7.58354e-64
0            107    5.86611e-62
0            108    4.68846e-60
0            109    3.85854e-58
0            110     3.2845e-56
0            111    2.89758e-54
0            112    2.64399e-52
0            113    2.54826e-50
0            114    2.56952e-48
0            115    2.86637e-46
0            116    3.40417e-44
0            117    4.34912e-42
0            118    5.87041e-40
0            119    8.09199e-38
0            120    1.11897e-35
0            121    1.50868e-33
0            122    1.96279e-31
0            123     2.4602e-29
0            124    2.95753e-27
0            125    3.32887e-25
0            126    3.54916e-23
0            127    3.53205e-21
0            128    3.25996e-19
0            129    2.72983e-17
0            130    2.05076e-15
0            131    1.36352e-13
0            132    7.73146e-12
0            133    3.78528e-10
0            134    1.52823e-08
0            135    5.15664e-07
0            136    1.40767e-05
0            137     0.00030676
0            138     0.00523301
0            139      0.0671632
0            140       0.635482
0            141        4.21605
0            142        19.1714
0            143         57.582
0            144        112.292
0            145        140.461
0            146         112.17
0            147        57.4513
0            148        19.1344
0            149        4.22161
0            150       0.636995
0            151      0.0682588
0            152     0.00536492
0            153    0.000320097
0            154    1.49938e-05
0            155    5.62253e-07
0            156    1.72567e-08
0            157    4.40294e-10
0            158    9.32308e-12
0            159    1.70767e-13
0            160    2.63385e-15
0            161    3.54968e-17
0            162    4.19073e-19
0            163    4.43503e-21
0            164    4.31174e-23
0            165    3.92228e-25
0            166    3.43072e-27
0            167    2.96223e-29
0            168    2.52689e-31
0            169    2.18538e-33
0            170    1.91444e-35
0            171    1.69983e-37
0            172     1.5111e-39
0            173    1.34051e-41
0            174    1.18918e-43
0            175    1.05064e-45
0            176    9.15886e-48
0            177     8.1787e-50
0            178    7.41068e-52
0            179    6.97854e-54
0            180    6.81004e-56
0            181    7.00438e-58
0            182   2.75368e-149
0            183   6.68386e-147
0            184   1.95007e-144
0            185   6.78353e-142
0            186   2.76723e-139
0            187   1.34826e-136
0            188   7.71253e-134
0            189   5.19416e-131
0            190   4.12373e-128
0            191   3.73939e-125
0            192   3.89679e-122
0            193   4.63532e-119
0            194   6.25006e-116
0            195    9.3089e-113
0            196   1.53673e-109
0            197   2.75343e-106
0            198   5.36128e-103
0            199    1.10724e-99
0            200    2.42965e-96
0            201    5.49058e-93
0            202    1.28475e-89
0            203    3.10454e-86
0            204    7.73052e-83
0            205    2.04352e-79
0            206    5.75632e-76
0            207    1.80164e-72
0            208    6.17048e-69
0            209    2.18788e-65
0            210    7.84091e-62
0            211    2.72193e-58
0            212    8.82985e-55
0            213     2.6869e-51
0            214    7.44187e-48
0            215    1.83035e-44
0            216    3.98245e-41
0            217    7.36611e-38
0            218    1.13229e-34
0            219    1.42181e-31
0            220    1.46931e-28
0            221    1.21064e-25
0            222    7.95946e-23
0            223    4.17364e-20
0            224    1.69496e-17
0            225    5.38456e-15
0            226    1.28585e-12
0            227    2.26565e-10
0            228    2.85563e-08
0            229    2.50069e-06
0            230    0.000148068
0            231     0.00562896
0            232       0.131366
0            233        1.71921
0            234        11.6185
0            235        37.7498
0            236        56.1633
0            237        37.7839
0            238        11.6611
0            239        1.72699
0            240       0.132533
0            241     0.00570716
0            242    0.000149529
0            243    2.53759e-06
0            244    2.88609e-08
0            245    2.26901e-10
0            246    1.27131e-12
0            247    5.11908e-15
0            248    1.52272e-17
0            249     3.4414e-20
0            250    5.97579e-23
0            251    8.33663e-26
0            252    9.42117e-29
0            253    8.79564e-32
0            254    6.88636e-35
0            255    4.50631e-38
0            256    2.53811e-41
0            257    1.24562e-44
0            258    5.39857e-48
0            259    2.07889e-51
0            260    7.22097e-55
0            261    2.24034e-58
0            262    6.38951e-62
0            263    1.70609e-65
0            264    4.38998e-69
0            265    1.11608e-72
0            266    3.06528e-76
0            267    9.54215e-80
0            268     3.4015e-83
0            269    1.38349e-86
0            270    5.99548e-90
0            271    2.75753e-93
0            272    1.33082e-96
0            273    2.7889e-251
0            274   3.00176e-247
0            275   4.49185e-243
0            276   9.34287e-239
0            277   2.64855e-234
0            278   1.02956e-229
0            279   5.31206e-225
0            280   3.69746e-220
0            281   3.40994e-215
0            282   4.09028e-210
0            283   6.26796e-205
0            284   1.23839e-199
0            285   3.02352e-194
0            286   9.19282e-189
0            287   3.39182e-183
0            288   1.49263e-177
0            289   7.70057e-172
0            290   4.56372e-166
0            291   3.08457e-160
0            292   2.34693e-154
0            293   1.92926e-148
0            294   1.70848e-142
0            295   1.58555e-136
0            296   1.52094e-130
0            297   1.42561e-124
0            298   1.26994e-118
0            299    1.0629e-112
0            300   7.86588e-107
0            301   4.97648e-101
0            302    2.64164e-95
0            303    1.13397e-89
0            304    3.79887e-84
0            305    9.73028e-79
0            306    1.89397e-73
0            307    2.85634e-68
0            308    3.78862e-63
0            309    5.11088e-58
0            310    6.69911e-53
0            311    6.98987e-48
0            312    5.30724e-43
0            313    2.72502e-38
0            314    9.16081e-34
0            315    1.92021e-29
0            316    2.41122e-25
0            317    1.76995e-21
0            318    7.49329e-18
0            319    1.77872e-14
0            320    2.28264e-11
0            321    1.52837e-08
0            322    5.12243e-06
0            323     0.00081576
0            324      0.0559147
0            325        1.40868
0            326        10.7321
0            327        21.4914
0            328        10.7379
0            329        1.41069
0            330      0.0562529
0            331    0.000819813
0            332    5.14889e-06
0            333    1.53176e-08
0            334    2.27007e-11
0            335    1.75211e-14
0            336    7.38967e-18
0            337     1.7849e-21
0            338    2.62171e-25
0            339    2.47165e-29
0            340     1.5068e-33
0            341    5.82387e-38
0            342    1.42112e-42
0            343    2.14782e-47
0            344    2.01542e-52
0            345    1.21121e-57
0            346      5.116e-63
0            347    1.80826e-68
0            348    6.74142e-74
0            349    2.66898e-79
0            350    9.39649e-85
0            351    2.68127e-90
0            352    6.24905e-96
0            353   1.20386e-101
0            354     2.013e-107
0            355   2.98121e-113
0            356   4.09953e-119
0            357   5.32365e-125
0            358    6.7821e-131
0            359   8.43549e-137
0            360   1.06046e-142
0            361   1.36661e-148
0            362   1.86358e-154
0            363    2.7344e-160
0            364              0
0            365              0
0            366              0
0            367              0
0            368              0
0            369              0
0            370              0
0            371              0
0            372              0
0            373              0
0            374              0
0            375              0
0            376              0
0            377              0
0            378              0
0            379              0
0            380              0
0            381              0
0            382              0
0            383              0
0            384              0
0            385              0
0            386              0
0            387              0
0            388              0
0            389              0
0            390              0
0            391              0
0            392              0
0            393              0
0            394              0
0            395              0
0            396   5.10653e-305
0            397   3.68078e-300
0            398   3.20043e-295
0            399    3.2705e-290
0            400   3.76174e-285
0            401   4.63218e-280
0            402   6.03925e-275
0            403    8.1256e-270
0            404   1.11967e-264
0            405   1.58748e-259
0            406    2.3021e-254
0            407   3.54143e-249
0            408   5.84724e-244
0            409   1.08436e-238
0            410   2.34275e-233
0            411   5.77738e-228
0            412   1.55665e-222
0            413   4.27872e-217
0            414   1.19116e-211
0            415   3.22878e-206
0            416   8.53655e-201
0            417   2.17128e-195
0            418   5.25534e-190
0            419   1.22957e-184
0            420   2.77154e-179
0            421   6.02318e-174
0            422   1.27309e-168
0            423   2.65313e-163
0            424   5.31929e-158
0            425   1.01051e-152
0            426   1.78502e-147
0            427   2.88214e-142
0            428   4.11263e-137
0            429   5.22633e-132
0            430   5.71026e-127
0            431   5.43123e-122
0            432   4.36861e-117
0            433   3.04347e-112
0            434   1.77736e-107
0            435   8.94343e-103
0            436    3.79875e-98
0            437    1.36792e-93
0            438    4.21875e-89
0            439    1.09536e-84
0            440    2.39686e-80
0            441    4.34293e-76
0            442    6.39312e-72
0            443    7.56009e-68
0            444    7.10948e-64
0            445      5.247e-60
0            446    3.02469e-56
0            447    1.35091e-52
0            448    4.71446e-49
0            449    1.27633e-45
0            450    2.68961e-42
0            451    4.50305e-39
0            452    5.97666e-36
0            453    6.31846e-33
0            454    5.29318e-30
0            455    3.49348e-27
0            456    1.80338e-24
0            457    7.18444e-22
0            458    2.19119e-19
0            459     5.0375e-17
0            460    8.73898e-15
0            461    1.13043e-12
0            462     1.0767e-10
0            463    7.51905e-09
0            464    3.81475e-07
0            465    1.39359e-05
0            466    0.000359427
0            467      0.0063734
0            468      0.0745611
0            469       0.545622
0            470         2.3657
0            471        5.82028
0            472        7.88199
0            473        5.81995
0            474        2.36443
0            475       0.545307
0            476      0.0744584
0            477     0.00637413
0            478    0.000359095
0            479    1.39301e-05
0            480    3.81002e-07
0            481    7.51894e-09
0            482    1.07495e-10
0            483    1.12802e-12
0            484    8.72956e-15
0            485    5.01971e-17
0            486    2.16257e-19
0            487    7.07078e-22
0            488    1.76243e-24
0            489    3.38583e-27
0            490    5.08353e-30
0            491      6.059e-33
0            492    5.72457e-36
0            493    4.31199e-39
0            494    2.58371e-42
0            495    1.21362e-45
0            496    4.48054e-49
0            497    1.27381e-52
0            498    2.82174e-56
0            499    4.86613e-60
0            500      6.557e-64
0            501    6.91826e-68
0            502    5.75151e-72
0            503    3.87607e-76
0            504    2.11154e-80
0            505    9.53988e-85
0            506    3.59701e-89
0            507    1.14494e-93
0            508    3.11975e-98
0            509   7.18991e-103
0            510   1.41247e-107
0            511   2.36915e-112
0            512   3.40959e-117
0            513   4.19056e-122
0            514    4.4302e-127
0            515   4.08688e-132
0            516   3.35357e-137
0            517   2.47231e-142
0            518   1.70432e-147
0            519   1.10816e-152
0            520   7.01059e-158
0            521   4.29445e-163
0            522   2.53473e-168
0            523   1.42512e-173
0            524   7.64445e-179
0            525   3.84156e-184
0            526   1.83256e-189
0            527   8.52087e-195
0            528   3.78754e-200
0            529   1.67605e-205
0            530   7.37918e-211
0            531   3.31899e-216
0            532   1.54738e-221
0            533   7.47749e-227
0            534   3.69582e-232
0            535   1.88927e-237
0            536   9.82232e-243
0            537    5.1576e-248
0            538   2.73391e-253
0            539   1.47144e-258
0            540   8.14851e-264
0            541   4.53604e-269
0            542   2.58331e-274
0            543   1.51052e-279
0            544   9.28841e-285
0            545    3.07151e-39
0            546    4.38545e-39
0            547    6.88491e-39
0            548    1.90945e-38
0            549    6.90042e-38
0            550    8.59709e-38
0            551    7.21693e-38
0            552    4.87915e-38
0            553    6.25823e-39
0            554    1.57441e-24
0            555    2.25751e-24
0            556    3.44277e-24
0            557    6.32369e-24
0            558    1.83837e-23
0            559    1.75199e-23
0            560    1.12698e-23
0            561    4.98717e-24
0            562    3.85002e-25
0            563    3.26084e-11
0            564    4.20955e-11
0            565    5.50908e-11
0            566    8.03587e-11
0            567    1.11124e-10
0            568    9.96056e-11
0            569    4.14242e-11
0            570    1.07785e-11
0            571    3.85305e-13
0            572       0.206313
0            573       0.211814
0            574       0.215918
0            575       0.207309
0            576       0.151629
0            577      0.0610421
0            578      0.0154579
0            579     0.00222138
0            580    7.90447e-05
0            581        91.8996
0            582        89.4441
0            583        84.7384
0            584        68.2409
0            585        35.8537
0            586        10.0547
0            587        2.01807
0            588       0.264606
0            589     0.00622696
0            590    5.61829e-05
0            591    6.28507e-05
0            592    7.14535e-05
0            593    8.64999e-05
0            594    8.60568e-05
0            595    4.54372e-05
0            596    1.58812e-05
0            597    2.97955e-06
0            598    1.43803e-07
