0              0    6.08703e-36
0              1    3.95334e-35
0              2    2.69984e-34
0              3    1.90182e-33
0              4    1.39987e-32
0              5    1.05601e-31
0              6    8.35236e-31
0              7    6.88408e-30
0              8    5.79591e-29
0              9    5.10074e-28
0             10    4.65651e-27
0             11    4.36252e-26
0             12      4.247e-25
0             13    4.25865e-24
0             14    4.34195e-23
0             15    4.59122e-22
0             16    4.92222e-21
0             17    5.30099e-20
0             18    5.77463e-19
0             19    6.30919e-18
0             20     6.9602e-17
0             21    7.59283e-16
0             22    8.23976e-15
0             23     9.0076e-14
0             24    9.53414e-13
0             25    1.00199e-11
0             26    1.03617e-10
0             27    1.03245e-09
0             28    1.00034e-08
0             29    9.26001e-08
0             30    8.23767e-07
0             31     6.9024e-06
0             32    5.32457e-05
0             33    0.000380718
0             34     0.00249313
0             35      0.0146667
0             36      0.0769754
0             37       0.356384
0             38        1.43086
0             39         4.9818
0             40        14.8689
0             41        37.3303
0             42        78.8245
0             43        139.068
0             44        203.835
0             45        246.648
0             46        246.788
0             47        203.775
0             48        139.222
0             49         79.045
0             50        37.4885
0             51        14.8508
0             52        4.99321
0             53        1.44036
0             54       0.356642
0             55      0.0770378
0             56      0.0146868
0             57     0.00249053
0             58    0.000383193
0             59    5.42116e-05
0             60    7.01498e-06
0             61    8.49309e-07
0             62    9.80957e-08
0             63    1.07467e-08
0             64    1.13585e-09
0             65     1.1485e-10
0             66    1.13509e-11
0             67    1.10722e-12
0             68    1.04122e-13
0             69     9.8252e-15
0             70    9.19042e-16
0             71    8.48141e-17
0             72    7.89093e-18
0             73     7.3593e-19
0             74    6.95084e-20
0             75    6.61205e-21
0             76    6.40478e-22
0             77     6.4638e-23
0             78    6.66504e-24
0             79    7.09699e-25
0             80    7.85465e-26
0             81    8.90671e-27
0             82    1.04188e-27
0             83    1.26412e-28
0             84     1.5533e-29
0             85    1.96658e-30
0             86    2.58396e-31
0             87    3.44689e-32
0             88    4.75613e-33
0             89    6.71123e-34
0             90     9.8871e-35
0             91    1.37923e-54
0             92    2.20807e-53
0             93    3.71018e-52
0             94     6.5017e-51
0             95    1.18958e-49
0             96    2.26056e-48
0             97    4.50175e-47
0             98     9.2094e-46
0             99    1.95654e-44
0            100    4.33261e-43
0            101     9.9778e-42
0            102     2.3837e-40
0            103    5.95574e-39
0            104    1.55214e-37
0            105    4.27037e-36
0            106    1.22929e-34
0            107    3.75933e-33
0            108    1.21453e-31
0            109     4.1177e-30
0            110    1.45817e-28
0            111     5.3242e-27
0            112    1.96778e-25
0            113     7.3319e-24
0            114    2.66551e-22
0            115    9.66243e-21
0            116    3.34879e-19
0            117    1.11234e-17
0            118    3.50334e-16
0            119    1.03086e-14
0            120    2.82356e-13
0            121    7.11475e-12
0            122    1.64068e-10
0            123    3.45793e-09
0            124    6.58682e-08
0            125    1.11106e-06
0            126    1.65019e-05
0            127    0.000212048
0            128     0.00232204
0            129      0.0211723
0            130       0.157626
0            131          0.937
0            132        4.30334
0            133        15.0783
0            134        39.1752
0            135        74.8517
0            136        103.713
0            137        103.781
0            138        74.9526
0            139        39.3635
0            140        15.1137
0            141        4.33594
0            142       0.939642
0            143       0.158445
0            144      0.0212668
0            145     0.00232194
0            146    0.000211595
0            147     1.6384e-05
0            148    1.09837e-06
0            149    6.41458e-08
0            150    3.32834e-09
0            151     1.5524e-10
0            152    6.53197e-12
0            153    2.50161e-13
0            154    8.86346e-15
0            155    2.92955e-16
0            156    9.20221e-18
0            157    2.78594e-19
0            158     8.1313e-21
0            159    2.38574e-22
0            160    6.87519e-24
0            161    1.99977e-25
0            162    5.84121e-27
0            163    1.72536e-28
0            164    5.16675e-30
0            165    1.56425e-31
0            166    4.80787e-33
0            167    1.51274e-34
0            168    4.82952e-36
0            169    1.59402e-37
0            170    5.42399e-39
0            171      1.927e-40
0            172    7.14594e-42
0            173    2.79306e-43
0            174    1.15959e-44
0            175    5.11449e-46
0            176    2.37681e-47
0            177    1.18952e-48
0            178    6.34776e-50
0            179    3.62841e-51
0            180    2.20977e-52
0            181    1.43792e-53
0            182     4.7158e-85
0            183    3.49837e-83
0            184    2.97395e-81
0            185    2.87973e-79
0            186    3.10382e-77
0            187     3.7383e-75
0            188    4.90323e-73
0            189     6.9529e-71
0            190    1.05914e-68
0            191    1.68383e-66
0            192     2.7971e-64
0            193    4.81152e-62
0            194    8.50216e-60
0            195    1.51444e-57
0            196    2.73109e-55
0            197    4.93181e-53
0            198    8.92557e-51
0            199    1.61283e-48
0            200    2.92861e-46
0            201    5.30661e-44
0            202     9.7492e-42
0            203    1.82013e-39
0            204    3.43788e-37
0            205    6.59463e-35
0            206     1.2508e-32
0            207    2.34315e-30
0            208    4.25135e-28
0            209    7.28943e-26
0            210    1.17411e-23
0            211    1.72746e-21
0            212    2.25759e-19
0            213    2.58961e-17
0            214    2.54913e-15
0            215    2.11784e-13
0            216    1.48225e-11
0            217    8.54466e-10
0            218     3.9936e-08
0            219    1.48733e-06
0            220    4.36819e-05
0            221    0.000976436
0            222      0.0161495
0            223       0.189605
0            224        1.48596
0            225        7.40626
0            226        22.2203
0            227        38.8286
0            228          38.81
0            229        22.1964
0            230        7.38591
0            231        1.48752
0            232       0.189311
0            233      0.0162073
0            234    0.000982912
0            235     4.3936e-05
0            236    1.51116e-06
0            237    4.06593e-08
0            238    8.73295e-10
0            239    1.52224e-11
0            240    2.20157e-13
0            241    2.65343e-15
0            242    2.72752e-17
0            243    2.46994e-19
0            244    2.01076e-21
0            245    1.50742e-23
0            246    1.05137e-25
0            247    6.69676e-28
0            248    3.90225e-30
0            249    2.09008e-32
0            250    1.02395e-34
0            251    4.73442e-37
0            252    2.09164e-39
0            253    9.11082e-42
0            254    4.03164e-44
0            255    1.83743e-46
0            256    8.84641e-49
0            257      4.479e-51
0            258    2.37251e-53
0            259    1.29736e-55
0            260    7.32468e-58
0            261    4.21904e-60
0            262    2.51475e-62
0            263    1.55939e-64
0            264    1.01312e-66
0            265      6.874e-69
0            266    5.00019e-71
0            267    3.91253e-73
0            268    3.30603e-75
0            269     3.0854e-77
0            270     3.1581e-79
0            271    3.62283e-81
0            272    4.68599e-83
0            273   2.64045e-135
0            274   1.94292e-132
0            275   1.57701e-129
0            276   1.42401e-126
0            277   1.46199e-123
0            278   1.84972e-120
0            279   3.26856e-117
0            280   8.82859e-114
0            281   3.30186e-110
0            282   1.49379e-106
0            283   7.46737e-103
0            284    4.00516e-99
0            285    2.21813e-95
0            286     1.2591e-91
0            287    7.14286e-88
0            288    3.98643e-84
0            289    2.15686e-80
0            290    1.11237e-76
0            291     5.4213e-73
0            292    2.48822e-69
0            293    1.06602e-65
0            294     4.3566e-62
0            295    1.76883e-58
0            296    7.44684e-55
0            297    3.16287e-51
0            298    1.27405e-47
0            299    4.56566e-44
0            300    1.36369e-40
0            301    3.28832e-37
0            302    6.37654e-34
0            303    9.95825e-31
0            304    1.26311e-27
0            305     1.3114e-24
0            306    1.10079e-21
0            307    7.18272e-19
0            308    3.53035e-16
0            309    1.26584e-13
0            310    3.22408e-11
0            311    5.61123e-09
0            312    6.53963e-07
0            313    4.90785e-05
0            314     0.00228446
0            315      0.0613398
0            316       0.852342
0            317         5.3961
0            318        13.9881
0            319        13.9858
0            320        5.39671
0            321       0.852364
0            322      0.0613593
0            323      0.0022874
0            324    4.93178e-05
0            325    6.57122e-07
0            326    5.68632e-09
0            327    3.27017e-11
0            328    1.29896e-13
0            329    3.66689e-16
0            330    7.60941e-19
0            331    1.20028e-21
0            332    1.51047e-24
0            333    1.56415e-27
0            334    1.33804e-30
0            335    9.29617e-34
0            336    5.12496e-37
0            337    2.19738e-40
0            338    7.36096e-44
0            339    1.98124e-47
0            340    4.37429e-51
0            341    8.29233e-55
0            342    1.47077e-58
0            343      2.604e-62
0            344    4.75947e-66
0            345    8.82537e-70
0            346    1.62977e-73
0            347    2.93698e-77
0            348    5.15591e-81
0            349    8.94955e-85
0            350    1.55979e-88
0            351    2.77305e-92
0            352    5.14736e-96
0            353     1.0005e-99
0            354   2.09461e-103
0            355   4.78021e-107
0            356   1.25564e-110
0            357   4.13816e-114
0            358   1.92207e-117
0            359   1.26295e-120
0            360   1.07636e-123
0            361   1.07543e-126
0            362   1.20653e-129
0            363   1.49162e-132
0            364   3.59343e-220
0            365   1.58924e-217
0            366   7.57289e-215
0            367   3.84833e-212
0            368   2.08534e-209
0            369   1.19492e-206
0            370   7.34171e-204
0            371   4.78681e-201
0            372     3.304e-198
0            373   2.39451e-195
0            374   1.82491e-192
0            375   1.47035e-189
0            376   1.23247e-186
0            377   1.08038e-183
0            378   9.89667e-181
0            379   9.43156e-178
0            380   9.25702e-175
0            381   9.43614e-172
0            382   9.79902e-169
0            383   1.05706e-165
0            384   1.16324e-162
0            385   1.29885e-159
0            386   1.47617e-156
0            387   1.70248e-153
0            388   1.97621e-150
0            389   2.30945e-147
0            390   2.71538e-144
0            391   3.17868e-141
0            392   3.72168e-138
0            393    4.3034e-135
0            394   4.93306e-132
0            395    5.5682e-129
0            396   6.14761e-126
0            397   6.62604e-123
0            398   6.97958e-120
0            399   7.13696e-117
0            400   7.05393e-114
0            401   6.67816e-111
0            402   6.09057e-108
0            403   5.30287e-105
0            404   4.38964e-102
0            405    3.45711e-99
0            406    2.56217e-96
0            407    1.80051e-93
0            408    1.18197e-90
0            409    7.24237e-88
0            410    4.15018e-85
0            411    2.22325e-82
0            412    1.11976e-79
0            413    5.31463e-77
0            414    2.47767e-74
0            415    1.18375e-71
0            416    6.15457e-69
0            417    3.51125e-66
0            418    2.08463e-63
0            419    1.21456e-60
0            420    6.58248e-58
0            421    3.21619e-55
0            422    1.39512e-52
0            423    5.35369e-50
0            424    1.79552e-47
0            425    5.23999e-45
0            426    1.32623e-42
0            427    2.91019e-40
0            428    5.48829e-38
0            429    8.97512e-36
0            430    1.26482e-33
0            431    1.55909e-31
0            432    1.69252e-29
0            433    1.66416e-27
0            434      1.499e-25
0            435    1.26518e-23
0            436    9.89182e-22
0            437    7.02908e-20
0            438    4.46304e-18
0            439    2.46941e-16
0            440    1.18042e-14
0            441    4.82403e-13
0            442    1.67337e-11
0            443    4.90859e-10
0            444    1.21287e-08
0            445    2.50556e-07
0            446    4.30279e-06
0            447    6.08119e-05
0            448    0.000699851
0            449     0.00641668
0            450      0.0456066
0            451       0.243785
0            452        0.94251
0            453        2.54691
0            454        4.67807
0            455        5.74092
0            456        4.67857
0            457         2.5471
0            458       0.942568
0            459       0.244111
0            460      0.0456959
0            461     0.00641518
0            462    0.000700017
0            463    6.08576e-05
0            464    4.29897e-06
0            465    2.49624e-07
0            466    1.20402e-08
0            467    4.85237e-10
0            468    1.64231e-11
0            469    4.70142e-13
0            470    1.14726e-14
0            471    2.39179e-16
0            472    4.31985e-18
0            473    6.80565e-20
0            474    9.52398e-22
0            475    1.21777e-23
0            476    1.43364e-25
0            477    1.57589e-27
0            478    1.58827e-29
0            479    1.44946e-31
0            480    1.16787e-33
0            481    8.26812e-36
0            482    5.06216e-38
0            483    2.68922e-40
0            484     1.2359e-42
0            485    4.91927e-45
0            486    1.69974e-47
0            487    5.14257e-50
0            488    1.36055e-52
0            489    3.16255e-55
0            490    6.51679e-58
0            491    1.20604e-60
0            492    2.01529e-63
0            493    3.11911e-66
0            494    4.64178e-69
0            495     6.9338e-72
0            496    1.10227e-74
0            497     1.8746e-77
0            498    3.36028e-80
0            499    6.06426e-83
0            500    1.06378e-85
0            501    1.77149e-88
0            502    2.77044e-91
0            503    4.10495e-94
0            504    5.70244e-97
0            505   7.49709e-100
0            506   9.31377e-103
0            507   1.09748e-105
0            508   1.23734e-108
0            509   1.32719e-111
0            510   1.36644e-114
0            511   1.35632e-117
0            512   1.30647e-120
0            513   1.21985e-123
0            514   1.10661e-126
0            515   9.81755e-130
0            516    8.5748e-133
0            517   7.34697e-136
0            518   6.25435e-139
0            519   5.26527e-142
0            520   4.43124e-145
0            521   3.72958e-148
0            522   3.14057e-151
0            523   2.66583e-154
0            524   2.28979e-157
0            525   1.98329e-160
0            526   1.74245e-163
0            527   1.58065e-166
0            528   1.45265e-169
0            529   1.37878e-172
0            530   1.34051e-175
0            531   1.34865e-178
0            532   1.41059e-181
0            533   1.53518e-184
0            534   1.72989e-187
0            535   2.05082e-190
0            536   2.54502e-193
0            537   3.30218e-196
0            538    4.5155e-199
0            539   6.52606e-202
0            540   1.00736e-204
0            541   1.63791e-207
0            542   2.82973e-210
0            543   5.19579e-213
0            544   1.02448e-215
0            545    1.33235e-15
0            546     1.5694e-15
0            547    1.91984e-15
0            548    2.86267e-15
0            549    6.59996e-15
0            550    4.48828e-15
0            551    3.45656e-15
0            552    1.41758e-15
0            553    3.03487e-16
0            554    3.62219e-06
0            555     3.9633e-06
0            556      4.341e-06
0            557    5.03668e-06
0            558    5.54079e-06
0            559    3.64711e-06
0            560    1.81629e-06
0            561    5.74302e-07
0            562    7.15071e-08
0            563        8.66175
0            564           8.57
0            565        8.33961
0            566        7.30948
0            567        4.73748
0            568        1.75699
0            569       0.513584
0            570       0.113874
0            571      0.0104769
0            572        26.7631
0            573        26.2747
0            574        25.3152
0            575         21.566
0            576        13.1124
0            577        4.64096
0            578        1.25668
0            579       0.284599
0            580      0.0242378
0            581    5.18167e-05
0            582    5.55415e-05
0            583    5.98313e-05
0            584    6.69904e-05
0            585    6.84589e-05
0            586     4.2963e-05
0            587    1.81671e-05
0            588    5.77349e-06
0            589    5.86779e-07
0            590    3.20798e-14
0            591    3.87454e-14
0            592    4.75934e-14
0            593    7.04655e-14
0            594    1.19582e-13
0            595    1.09944e-13
0            596    7.01998e-14
0            597    3.66949e-14
0            598    1.03267e-14
