0              0    1.60126e-36
0              1    1.79694e-35
0              2    2.13173e-34
0              3    2.61032e-33
0              4    3.34849e-32
0              5    4.40918e-31
0              6    6.11439e-30
0              7    8.81032e-29
0              8    1.28731e-27
0              9    1.95355e-26
0             10    3.03902e-25
0             11    4.78448e-24
0             12    7.72613e-23
0             13    1.26655e-21
0             14    2.08218e-20
0             15    3.51606e-19
0             16    5.93429e-18
0             17    9.86387e-17
0             18    1.62182e-15
0             19    2.59482e-14
0             20     4.0512e-13
0             21    5.99716e-12
0             22    8.42886e-11
0             23    1.13853e-09
0             24    1.41282e-08
0             25    1.65002e-07
0             26    1.79589e-06
0             27    1.77981e-05
0             28    0.000161615
0             29     0.00131807
0             30     0.00965884
0             31      0.0621125
0             32       0.341697
0             33        1.60882
0             34        6.37871
0             35        20.9016
0             36        56.1549
0             37        122.443
0             38        214.538
0             39         301.67
0             40        338.451
0             41        302.477
0             42        215.609
0             43        122.895
0             44        56.1404
0             45        20.8916
0             46        6.36123
0             47         1.5855
0             48       0.331811
0             49       0.059058
0             50      0.0090476
0             51     0.00119267
0             52    0.000139852
0             53    1.47763e-05
0             54    1.40074e-06
0             55    1.21804e-07
0             56    9.82257e-09
0             57     7.3967e-10
0             58    5.32511e-11
0             59    3.70771e-12
0             60    2.46702e-13
0             61    1.60647e-14
0             62    1.04262e-15
0             63    6.63552e-17
0             64    4.19807e-18
0             65    2.59061e-19
0             66    1.58993e-20
0             67    9.80247e-22
0             68     5.8794e-23
0             69    3.60161e-24
0             70    2.23527e-25
0             71    1.40027e-26
0             72    9.12944e-28
0             73    6.18581e-29
0             74    4.40484e-30
0             75    3.27075e-31
0             76     2.5448e-32
0             77    2.11169e-33
0             78    1.81362e-34
0             79    1.62435e-35
0             80    1.52167e-36
0             81     1.4635e-37
0             82    1.46039e-38
0             83    1.52258e-39
0             84    1.61657e-40
0             85    1.79377e-41
0             86    2.09086e-42
0             87    2.49708e-43
0             88    3.13784e-44
0             89    4.08666e-45
0             90    5.63424e-46
0             91    6.93942e-58
0             92    3.25136e-56
0             93     1.6202e-54
0             94    8.48626e-53
0             95    4.68538e-51
0             96    2.69123e-49
0             97    1.62547e-47
0             98    1.00107e-45
0             99    6.34252e-44
0            100    4.13294e-42
0            101    2.74501e-40
0            102    1.84304e-38
0            103    1.25451e-36
0            104    8.58423e-35
0            105    5.92997e-33
0            106    4.06054e-31
0            107    2.78504e-29
0            108    1.89322e-27
0            109    1.26414e-25
0            110    8.27204e-24
0            111    5.24378e-22
0            112     3.1663e-20
0            113    1.81659e-18
0            114    9.53634e-17
0            115    4.69302e-15
0            116    2.07277e-13
0            117    8.23782e-12
0            118     2.9074e-10
0            119    8.94308e-09
0            120    2.37183e-07
0            121    5.31399e-06
0            122    9.90393e-05
0            123     0.00151759
0            124      0.0186647
0            125       0.178408
0            126        1.29301
0            127        6.87407
0            128        26.0572
0            129         68.637
0            130        123.652
0            131        150.693
0            132        123.757
0            133        68.6404
0            134        26.0688
0            135         6.8599
0            136        1.28662
0            137       0.176827
0            138      0.0183304
0            139     0.00149536
0            140     9.6924e-05
0            141    5.21357e-06
0            142    2.32458e-07
0            143    8.86444e-09
0            144    2.92386e-10
0            145    8.41396e-12
0            146     2.1472e-13
0            147    4.88822e-15
0            148    1.00673e-16
0            149    1.87499e-18
0            150    3.25509e-20
0            151     5.3786e-22
0            152    8.58456e-24
0            153    1.34559e-25
0            154    2.10798e-27
0            155    3.28821e-29
0            156    5.12285e-31
0            157     7.9353e-33
0            158     1.2015e-34
0            159     1.8532e-36
0            160     2.8273e-38
0            161    4.41777e-40
0            162    7.09725e-42
0            163    1.19383e-43
0            164    2.11743e-45
0            165    3.94583e-47
0            166    7.71852e-49
0            167    1.58985e-50
0            168      3.383e-52
0            169    7.55614e-54
0            170    1.74806e-55
0            171    4.24002e-57
0            172    1.07137e-58
0            173    2.84699e-60
0            174    8.00601e-62
0            175    2.38026e-63
0            176    7.39134e-65
0            177    2.46143e-66
0            178    8.73841e-68
0            179    3.31271e-69
0            180    1.34687e-70
0            181    5.90112e-72
0            182    3.15517e-92
0            183    1.71431e-89
0            184    1.00175e-86
0            185     6.2394e-84
0            186    4.03913e-81
0            187    2.76749e-78
0            188    1.96362e-75
0            189    1.44939e-72
0            190    1.11852e-69
0            191    8.78955e-67
0            192    7.10314e-64
0            193    5.85037e-61
0            194    4.85333e-58
0            195    3.94684e-55
0            196    3.15888e-52
0            197    2.45413e-49
0            198    1.85118e-46
0            199    1.34757e-43
0            200    9.40629e-41
0            201    6.08673e-38
0            202    3.60262e-35
0            203    1.89341e-32
0            204    8.61703e-30
0            205    3.40635e-27
0            206    1.15439e-24
0            207    3.44468e-22
0            208    9.06449e-20
0            209     2.0572e-17
0            210    3.94203e-15
0            211    6.08752e-13
0            212    7.30299e-11
0            213    6.68873e-09
0            214    4.56238e-07
0            215    2.26437e-05
0            216    0.000804067
0            217      0.0195025
0            218       0.305367
0            219        2.87544
0            220        15.2118
0            221        42.3421
0            222        59.8799
0            223        42.4439
0            224        15.2911
0            225        2.89288
0            226       0.306137
0            227      0.0194667
0            228    0.000799803
0            229    2.25242e-05
0            230    4.50166e-07
0            231     6.6452e-09
0            232    7.27645e-11
0            233    6.11988e-13
0            234    4.03696e-15
0            235    2.15255e-17
0            236    9.89239e-20
0            237    4.03703e-22
0            238     1.4937e-24
0            239    4.96499e-27
0            240    1.46451e-29
0            241    3.70444e-32
0            242    7.99489e-35
0            243    1.48719e-37
0            244     2.3735e-40
0            245    3.31993e-43
0            246     4.1645e-46
0            247    4.69051e-49
0            248    4.91498e-52
0            249    4.95311e-55
0            250     4.8604e-58
0            251    4.88718e-61
0            252    5.09651e-64
0            253    5.60483e-67
0            254    6.49544e-70
0            255    7.79014e-73
0            256    9.78714e-76
0            257    1.27529e-78
0            258    1.74333e-81
0            259    2.49407e-84
0            260    3.79577e-87
0            261    6.12395e-90
0            262     1.0733e-92
0            263    2.06372e-95
0            264    4.40223e-98
0            265   1.04171e-100
0            266   2.83151e-103
0            267   8.88125e-106
0            268    3.2176e-108
0            269   1.36882e-110
0            270   6.69544e-113
0            271    3.8027e-115
0            272   2.50127e-117
0            273   3.05603e-150
0            274   9.69806e-146
0            275   3.70687e-141
0            276   1.67233e-136
0            277   8.55344e-132
0            278   4.83375e-127
0            279   2.88863e-122
0            280   1.81485e-117
0            281   1.15582e-112
0            282   7.33542e-108
0            283   4.48728e-103
0            284    2.62558e-98
0            285    1.41882e-93
0            286    7.02393e-89
0            287    3.08661e-84
0            288    1.18254e-79
0            289    3.89878e-75
0            290    1.09919e-70
0            291    2.71883e-66
0            292    6.36739e-62
0            293    1.55424e-57
0            294    4.09967e-53
0            295    1.05406e-48
0            296    2.30237e-44
0            297    3.79508e-40
0            298    4.49357e-36
0            299     3.7645e-32
0            300    2.18269e-28
0            301     8.6254e-25
0            302    2.28885e-21
0            303    3.95589e-18
0            304    4.32882e-15
0            305    2.95204e-12
0            306    1.23544e-09
0            307    3.07757e-07
0            308    4.42099e-05
0            309     0.00345745
0            310       0.133295
0            311        2.15651
0            312        12.4391
0            313        22.6139
0            314        12.4318
0            315        2.15445
0            316       0.132798
0            317     0.00344543
0            318    4.37972e-05
0            319     3.0141e-07
0            320    1.18874e-09
0            321    2.77644e-12
0            322    3.95971e-15
0            323    3.56834e-18
0            324    2.12178e-21
0            325    8.60854e-25
0            326    2.48083e-28
0            327    5.02384e-32
0            328    7.21551e-36
0            329    7.32715e-40
0            330    5.31543e-44
0            331    2.79764e-48
0            332    1.12171e-52
0            333    3.70352e-57
0            334    1.17012e-61
0            335    4.09951e-66
0            336    1.53675e-70
0            337    5.35343e-75
0            338    1.61628e-79
0            339    4.23344e-84
0            340    9.58204e-89
0            341    1.90018e-93
0            342    3.44301e-98
0            343   5.77609e-103
0            344   9.18278e-108
0            345    1.4023e-112
0            346   2.13783e-117
0            347   3.31171e-122
0            348   5.29579e-127
0            349   8.97018e-132
0            350   1.64802e-136
0            351   3.37097e-141
0            352   7.97174e-146
0            353   2.20731e-150
0            354   7.50037e-155
0            355   3.13281e-159
0            356   1.63277e-163
0            357   1.06078e-167
0            358   8.62275e-172
0            359   8.57354e-176
0            360   1.05963e-179
0            361    1.6194e-183
0            362   3.09919e-187
0            363   7.41997e-191
0            364   3.38255e-255
0            365   2.33602e-251
0            366   1.72866e-247
0            367   1.35855e-243
0            368    1.1373e-239
0            369   1.00442e-235
0            370    9.5439e-232
0            371   9.64068e-228
0            372   1.02768e-223
0            373   1.14553e-219
0            374   1.33004e-215
0            375   1.61095e-211
0            376      1.99e-207
0            377   2.51134e-203
0            378   3.22442e-199
0            379   4.17347e-195
0            380   5.36656e-191
0            381   6.91411e-187
0            382   8.70433e-183
0            383   1.09308e-178
0            384   1.34217e-174
0            385   1.59347e-170
0            386   1.84349e-166
0            387   2.05896e-162
0            388   2.21551e-158
0            389   2.29548e-154
0            390   2.31597e-150
0            391   2.28101e-146
0            392   2.28357e-142
0            393   2.39788e-138
0            394   2.77085e-134
0            395   3.52018e-130
0            396   4.69994e-126
0            397   6.25065e-122
0            398   7.99366e-118
0            399   9.53657e-114
0            400   1.04338e-109
0            401   1.02967e-105
0            402   9.23086e-102
0            403    7.44873e-98
0            404    5.41192e-94
0            405    3.57557e-90
0            406    2.13874e-86
0            407    1.18002e-82
0            408    5.90722e-79
0            409    2.66736e-75
0            410    1.07621e-71
0            411    3.80896e-68
0            412    1.16446e-64
0            413     2.9883e-61
0            414    6.45869e-58
0            415    1.15195e-54
0            416    1.69499e-51
0            417    2.03917e-48
0            418    1.98784e-45
0            419     1.5794e-42
0            420     1.0171e-39
0            421    5.30423e-37
0            422    2.25059e-34
0            423    7.87282e-32
0            424    2.28271e-29
0            425    5.54658e-27
0            426    1.13956e-24
0            427    1.99277e-22
0            428    2.93924e-20
0            429    3.65923e-18
0            430    3.77334e-16
0            431    3.20786e-14
0            432    2.21021e-12
0            433    1.22985e-10
0            434    5.42584e-09
0            435    1.89415e-07
0            436    5.14454e-06
0            437    0.000107187
0            438      0.0016875
0            439       0.019422
0            440       0.157508
0            441       0.857629
0            442        2.99139
0            443        6.43633
0            444        8.33413
0            445          6.438
0            446        2.99219
0            447       0.857888
0            448       0.157473
0            449      0.0194181
0            450     0.00168865
0            451    0.000107275
0            452    5.13916e-06
0            453    1.89168e-07
0            454    5.43211e-09
0            455    1.22853e-10
0            456    2.20676e-12
0            457    3.18004e-14
0            458    3.69821e-16
0            459    3.50744e-18
0            460    2.69908e-20
0            461    1.68991e-22
0            462     8.6639e-25
0            463    3.62121e-27
0            464    1.23882e-29
0            465    3.47058e-32
0            466    8.00431e-35
0            467    1.52033e-37
0            468    2.37798e-40
0            469    3.07768e-43
0            470    3.31798e-46
0            471    2.97479e-49
0            472    2.25873e-52
0            473    1.45959e-55
0            474    8.15505e-59
0            475    4.06621e-62
0            476    1.80034e-65
0            477    7.24656e-69
0            478    2.59612e-72
0            479    8.31461e-76
0            480    2.32844e-79
0            481    5.75666e-83
0            482    1.23528e-86
0            483    2.32781e-90
0            484    3.85042e-94
0            485    5.61038e-98
0            486   7.23786e-102
0            487   8.41447e-106
0            488   8.81982e-110
0            489   8.42748e-114
0            490   7.49129e-118
0            491   6.36537e-122
0            492   5.25216e-126
0            493    4.3723e-130
0            494   3.80085e-134
0            495   3.47135e-138
0            496   3.35626e-142
0            497   3.29981e-146
0            498   3.27001e-150
0            499    3.1967e-154
0            500    3.0529e-158
0            501   2.81311e-162
0            502   2.49066e-166
0            503   2.15702e-170
0            504   1.80476e-174
0            505   1.47863e-178
0            506   1.18462e-182
0            507   9.32265e-187
0            508   7.29568e-191
0            509   5.63091e-195
0            510    4.3409e-199
0            511   3.36125e-203
0            512   2.64174e-207
0            513   2.10719e-211
0            514    1.7093e-215
0            515   1.42631e-219
0            516   1.23879e-223
0            517   1.11562e-227
0            518   1.06135e-231
0            519    1.0626e-235
0            520   1.13433e-239
0            521   1.29309e-243
0            522   1.56714e-247
0            523   2.04013e-251
0            524   2.84687e-255
0            525   4.23003e-259
0            526    6.7044e-263
0            527   1.15714e-266
0            528   2.11335e-270
0            529   4.17677e-274
0            530   8.82468e-278
0            531   2.01774e-281
0            532   5.02175e-285
0            533    1.3638e-288
0            534   4.02547e-292
0            535   1.32221e-295
0            536   4.81768e-299
0            537   1.94929e-302
0            538   8.85553e-306
0            539              0
0            540              0
0            541              0
0            542              0
0            543              0
0            544              0
0            545    1.23898e-09
0            546    1.38227e-09
0            547    1.64469e-09
0            548     2.3546e-09
0            549    3.35484e-09
0            550    2.89494e-09
0            551    1.32667e-09
0            552    4.94684e-10
0            553    8.67053e-11
0            554       0.488976
0            555       0.494072
0            556        0.49709
0            557       0.469493
0            558       0.347709
0            559       0.142645
0            560      0.0405314
0            561     0.00840557
0            562    0.000724044
0            563        104.917
0            564        102.093
0            565        96.8258
0            566        78.7226
0            567        43.0931
0            568        13.0146
0            569        2.97905
0            570       0.553775
0            571      0.0303433
0            572    0.000328281
0            573    0.000356188
0            574    0.000389799
0            575    0.000445545
0            576    0.000448891
0            577    0.000245982
0            578    8.58971e-05
0            579    2.54924e-05
0            580    1.85759e-06
0            581    2.04341e-14
0            582    2.56046e-14
0            583    3.26813e-14
0            584    5.07211e-14
0            585    9.03505e-14
0            586    8.69106e-14
0            587     5.2773e-14
0            588    2.51876e-14
0            589    3.78846e-15
0            590    8.53486e-27
0            591    1.15036e-26
0            592    1.68641e-26
0            593    3.01864e-26
0            594    8.00019e-26
0            595    1.47388e-25
0            596    9.99898e-26
0            597    6.60461e-26
0            598    3.36098e-26
