0              0    4.94836e-15
0              1    4.63921e-14
0              2     4.3356e-13
0              3    3.93045e-12
0              4    3.47468e-11
0              5    2.96364e-10
0              6    2.48021e-09
0              7    2.00182e-08
0              8    1.53803e-07
0              9    1.13885e-06
0             10    7.99559e-06
0             11    5.25257e-05
0             12    0.000322303
0             13     0.00181796
0             14     0.00931323
0             15      0.0436226
0             16       0.183242
0             17       0.682644
0             18        2.25641
0             19        6.54607
0             20        16.6361
0             21        36.5417
0             22        69.1258
0             23        112.521
0             24        155.811
0             25        183.862
0             26        184.244
0             27        156.696
0             28        113.121
0             29        69.4947
0             30        36.3137
0             31        16.2246
0             32        6.27545
0             33        2.09914
0             34       0.612962
0             35       0.158441
0             36      0.0364021
0             37     0.00750736
0             38     0.00140691
0             39    0.000236761
0             40    3.60594e-05
0             41     5.0672e-06
0             42    6.52757e-07
0             43     7.8737e-08
0             44          9e-09
0             45    1.01539e-09
0             46    1.12874e-10
0             47     1.2232e-11
0             48     1.3208e-12
0             49    1.41637e-13
0             50    1.49398e-14
0             51    1.52877e-15
0             52    1.56215e-16
0             53    1.59194e-17
0             54    1.60434e-18
0             55    1.62908e-19
0             56    1.67285e-20
0             57    1.74635e-21
0             58    1.88462e-22
0             59    2.10304e-23
0             60     2.3912e-24
0             61    2.80466e-25
0             62    3.43414e-26
0             63    4.31783e-27
0             64    5.64166e-28
0             65    7.53968e-29
0             66    1.04493e-29
0             67    1.51949e-30
0             68     2.2522e-31
0             69     3.5072e-32
0             70    5.71406e-33
0             71    9.61576e-34
0             72    1.69678e-34
0             73    3.12943e-35
0             74    6.04003e-36
0             75    1.21504e-36
0             76     2.5504e-37
0             77    5.66719e-38
0             78    1.30963e-38
0             79    3.18111e-39
0             80    8.13198e-40
0             81    2.15646e-40
0             82    5.99477e-41
0             83    1.75046e-41
0             84    5.27273e-42
0             85    1.67488e-42
0             86    5.58137e-43
0             87    1.91672e-43
0             88    6.93287e-44
0             89    2.60523e-44
0             90    1.02584e-44
0             91    6.61984e-24
0             92    2.15469e-22
0             93    6.90812e-21
0             94    2.10599e-19
0             95    6.05316e-18
0             96    1.58836e-16
0             97    3.82018e-15
0             98    8.20893e-14
0             99    1.58499e-12
0            100    2.76637e-11
0            101    4.37999e-10
0            102    6.35051e-09
0            103     8.5072e-08
0            104    1.05519e-06
0            105    1.20065e-05
0            106    0.000122764
0            107     0.00111376
0            108      0.0087647
0            109      0.0584616
0            110        0.32454
0            111        1.46824
0            112        5.31314
0            113        15.1942
0            114        33.6918
0            115        57.7904
0            116        75.7907
0            117        75.8535
0            118        57.8886
0            119        33.7862
0            120        15.1555
0            121        5.27434
0            122        1.44223
0            123       0.313132
0            124       0.055037
0            125     0.00799257
0            126    0.000976532
0            127     0.00010213
0            128    9.27135e-06
0            129    7.39903e-07
0            130    5.20793e-08
0            131    3.23113e-09
0            132    1.81006e-10
0            133    9.13214e-12
0            134    4.29437e-13
0            135    1.89501e-14
0            136    8.10015e-16
0            137    3.39541e-17
0            138    1.40238e-18
0            139    5.81007e-20
0            140    2.34564e-21
0            141    9.44218e-23
0            142    3.68518e-24
0            143    1.41325e-25
0            144    5.32354e-27
0            145    1.97192e-28
0            146    7.28413e-30
0            147     2.6983e-31
0            148    1.02228e-32
0            149    3.95397e-34
0            150    1.61087e-35
0            151    6.95389e-37
0            152    3.18657e-38
0            153    1.54453e-39
0            154    7.93777e-41
0            155    4.28467e-42
0            156    2.43146e-43
0            157    1.44135e-44
0            158    8.79082e-46
0            159     5.6699e-47
0            160    3.77285e-48
0            161    2.62162e-49
0            162    1.89811e-50
0            163    1.44547e-51
0            164    1.15894e-52
0            165    9.77804e-54
0            166    8.69201e-55
0            167    8.22047e-56
0            168    8.17951e-57
0            169    8.73108e-58
0            170    9.82736e-59
0            171     1.1863e-59
0            172    1.52151e-60
0            173    2.09106e-61
0            174    3.08227e-62
0            175    4.86317e-63
0            176    8.11287e-64
0            177    1.45204e-64
0            178    2.79058e-65
0            179    5.69283e-66
0            180    1.24532e-66
0            181    2.90764e-67
0            182    3.37347e-36
0            183    3.34571e-34
0            184    3.05915e-32
0            185    2.59975e-30
0            186    2.06924e-28
0            187    1.64019e-26
0            188     1.3534e-24
0            189    1.20019e-22
0            190    1.11064e-20
0            191    9.89859e-19
0            192    8.12929e-17
0            193    5.91088e-15
0            194    3.69224e-13
0            195    1.92171e-11
0            196    8.28907e-10
0            197    2.92616e-08
0            198    8.38412e-07
0            199    1.93021e-05
0            200    0.000350418
0            201     0.00487839
0            202      0.0509969
0            203       0.387084
0            204        2.05956
0            205        7.45899
0            206        17.8378
0            207        27.7313
0            208        27.7521
0            209        17.8851
0            210         7.4753
0            211         2.0614
0            212       0.384565
0            213      0.0500153
0            214     0.00469986
0            215    0.000331001
0            216    1.78763e-05
0            217    7.63643e-07
0            218    2.64585e-08
0            219    7.61452e-10
0            220    1.83307e-11
0            221    3.75666e-13
0            222     6.5068e-15
0            223    9.44487e-17
0            224    1.16736e-18
0            225    1.22465e-20
0            226    1.13782e-22
0            227    9.78399e-25
0            228    8.27473e-27
0            229    7.26583e-29
0            230    6.63788e-31
0            231    6.21715e-33
0            232    5.64655e-35
0            233    4.93909e-37
0            234    4.11151e-39
0            235    3.25223e-41
0            236    2.51187e-43
0            237    1.90109e-45
0            238    1.44181e-47
0            239    1.12271e-49
0            240    9.24719e-52
0            241    8.06125e-54
0            242    7.49186e-56
0            243    7.47581e-58
0            244    7.86811e-60
0            245    8.77612e-62
0            246    1.03904e-63
0            247    1.29066e-65
0            248    1.70267e-67
0            249     2.4003e-69
0            250    3.58076e-71
0            251    5.73343e-73
0            252    9.80698e-75
0            253    1.80038e-76
0            254    3.54377e-78
0            255    7.44009e-80
0            256    1.68744e-81
0            257    4.10568e-83
0            258    1.08264e-84
0            259    3.07502e-86
0            260    9.47563e-88
0            261    3.15429e-89
0            262    1.14508e-90
0            263    4.53438e-92
0            264    1.95933e-93
0            265    9.19556e-95
0            266    4.74787e-96
0            267    2.69141e-97
0            268    1.67114e-98
0            269    1.14394e-99
0            270   8.56283e-101
0            271   7.05817e-102
0            272   6.44089e-103
0            273    4.82395e-58
0            274    7.62952e-55
0            275    1.32283e-51
0            276    2.53081e-48
0            277    5.31798e-45
0            278    1.18932e-41
0            279    2.55654e-38
0            280    4.78449e-35
0            281    7.15929e-32
0            282    8.33222e-29
0            283    7.36887e-26
0            284    4.94571e-23
0            285    2.47361e-20
0            286    9.06958e-18
0            287    2.37287e-15
0            288     4.3938e-13
0            289    5.79216e-11
0            290    5.49239e-09
0            291    3.76737e-07
0            292    1.84542e-05
0            293    0.000617468
0            294      0.0132742
0            295       0.171551
0            296        1.24861
0            297        4.83515
0            298        9.62909
0            299        9.67963
0            300        4.90295
0            301        1.27816
0            302       0.178741
0            303      0.0142078
0            304    0.000683544
0            305     2.0944e-05
0            306    4.23838e-07
0            307    5.87364e-09
0            308    5.77359e-11
0            309    4.23901e-13
0            310    2.42967e-15
0            311    1.12154e-17
0            312     4.0826e-20
0            313    1.13984e-22
0            314    2.34274e-25
0            315    3.50097e-28
0            316     3.7962e-31
0            317    3.02555e-34
0            318    1.79739e-37
0            319    8.16413e-41
0            320    2.96741e-44
0            321    9.28034e-48
0            322    2.89456e-51
0            323    1.13449e-54
0            324    6.53193e-58
0            325    5.02697e-61
0            326    4.35342e-64
0            327    3.73454e-67
0            328    3.08872e-70
0            329    2.44262e-73
0            330    1.85259e-76
0            331    1.35949e-79
0            332    9.86165e-83
0            333    7.14474e-86
0            334    5.22345e-89
0            335    3.91783e-92
0            336    3.06655e-95
0            337     2.5146e-98
0            338   2.18187e-101
0            339   2.06583e-104
0            340   2.12897e-107
0            341    2.4138e-110
0            342   3.08569e-113
0            343   4.46432e-116
0            344   7.42484e-119
0            345    1.4124e-121
0            346   3.13483e-124
0            347   8.14521e-127
0            348   2.46767e-129
0            349   8.73582e-132
0            350   3.61723e-134
0            351   1.75341e-136
0            352   9.98554e-139
0            353   6.60625e-141
0            354   5.15691e-143
0            355   4.69939e-145
0            356   5.00498e-147
0            357   6.27194e-149
0            358   9.26735e-151
0            359   1.59689e-152
0            360   3.24834e-154
0            361   7.74589e-156
0            362     2.179e-157
0            363   7.21529e-159
0            364    1.23712e-87
0            365     6.1639e-85
0            366    2.90803e-82
0            367    1.28838e-79
0            368    5.35059e-77
0            369    2.06197e-74
0            370    7.43567e-72
0            371    2.48915e-69
0            372    7.67493e-67
0            373    2.17661e-64
0            374    5.65734e-62
0            375    1.34804e-59
0            376    2.92097e-57
0            377     5.7643e-55
0            378    1.03708e-52
0            379    1.70127e-50
0            380    2.55198e-48
0            381    3.56661e-46
0            382    4.69705e-44
0            383    6.02441e-42
0            384    7.63885e-40
0            385    9.54968e-38
0            386    1.17215e-35
0            387     1.3757e-33
0            388    1.52471e-31
0            389    1.57309e-29
0            390     1.5076e-27
0            391    1.32122e-25
0            392    1.05038e-23
0            393    7.38014e-22
0            394    4.49772e-20
0            395    2.33204e-18
0            396    1.01511e-16
0            397    3.68271e-15
0            398    1.11747e-13
0            399    2.84871e-12
0            400    6.13991e-11
0            401    1.12367e-09
0            402    1.75858e-08
0            403    2.34996e-07
0            404    2.67872e-06
0            405    2.60738e-05
0            406    0.000215365
0            407     0.00150244
0            408     0.00870414
0            409      0.0412463
0            410       0.157533
0            411       0.478949
0            412        1.14845
0            413        2.15486
0            414        3.15306
0            415        3.58402
0            416        3.16024
0            417        2.16285
0            418        1.15356
0            419       0.482237
0            420        0.15956
0            421       0.042294
0            422     0.00910897
0            423     0.00161656
0            424    0.000240255
0            425    3.02797e-05
0            426     3.2582e-06
0            427    2.99073e-07
0            428    2.34098e-08
0            429    1.54741e-09
0            430    8.62159e-11
0            431    4.01731e-12
0            432    1.56814e-13
0            433    5.13144e-15
0            434    1.43192e-16
0            435    3.44949e-18
0            436    7.36804e-20
0            437    1.42156e-21
0            438    2.46398e-23
0            439    3.81798e-25
0            440    5.17422e-27
0            441    6.06055e-29
0            442    6.08887e-31
0            443    5.21685e-33
0            444    3.79698e-35
0            445     2.3609e-37
0            446    1.25378e-39
0            447    5.71052e-42
0            448    2.23507e-44
0            449    7.59254e-47
0            450    2.26333e-49
0            451    5.90809e-52
0            452    1.37766e-54
0            453    2.92651e-57
0            454    5.88672e-60
0            455    1.17635e-62
0            456    2.47306e-65
0            457    5.66018e-68
0            458    1.38878e-70
0            459    3.53226e-73
0            460    8.89755e-76
0            461    2.17847e-78
0            462    5.18265e-81
0            463    1.18665e-83
0            464    2.62638e-86
0            465    5.61962e-89
0            466    1.16498e-91
0            467    2.33752e-94
0            468    4.52993e-97
0            469   8.50222e-100
0            470   1.55038e-102
0            471   2.73554e-105
0            472   4.72367e-108
0            473   8.00414e-111
0            474    1.3445e-113
0            475   2.31669e-116
0            476   4.13435e-119
0            477   7.98972e-122
0            478   1.66509e-124
0            479   3.76653e-127
0            480   8.95554e-130
0            481   2.21617e-132
0            482   5.54957e-135
0            483   1.40332e-137
0            484   3.55955e-140
0            485   9.02842e-143
0            486   2.28696e-145
0            487   5.83912e-148
0            488   1.49557e-150
0            489   3.84494e-153
0            490   9.97691e-156
0            491   2.62859e-158
0            492   6.99862e-161
0            493   1.89438e-163
0            494   5.24335e-166
0            495   1.47714e-168
0            496   4.28396e-171
0            497   1.26576e-173
0            498   3.85532e-176
0            499   1.21113e-178
0            500   3.94516e-181
0            501   1.32642e-183
0            502   4.60407e-186
0            503   1.67012e-188
0            504   6.29177e-191
0            505   2.47833e-193
0            506   1.02029e-195
0            507   4.39289e-198
0            508   1.99059e-200
0            509   9.43397e-203
0            510   4.70537e-205
0            511   2.47154e-207
0            512   1.37483e-209
0            513    8.0913e-212
0            514   5.01652e-214
0            515   3.29447e-216
0            516   2.30431e-218
0            517   1.70615e-220
0            518   1.34713e-222
0            519   1.13158e-224
0            520   1.01394e-226
0            521   9.72319e-229
0            522   9.89236e-231
0            523   1.08235e-232
0            524   1.26431e-234
0            525   1.57951e-236
0            526   2.10545e-238
0            527   3.04687e-240
0            528   4.69693e-242
0            529   7.82515e-244
0            530   1.39901e-245
0            531   2.70456e-247
0            532   5.66508e-249
0            533   1.28663e-250
0            534   3.15268e-252
0            535   8.45078e-254
0            536   2.46536e-255
0            537   7.79964e-257
0            538   2.70114e-258
0            539   1.02111e-259
0            540   4.23933e-261
0            541   1.91141e-262
0            542   9.37174e-264
0            543   4.98341e-265
0            544   2.88686e-266
0            545        48.8964
0            546         47.753
0            547        45.6911
0            548        38.1266
0            549        22.5549
0            550        8.10568
0            551        2.27493
0            552        0.47846
0            553      0.0485547
0            554     0.00265925
0            555     0.00277183
0            556     0.00285765
0            557     0.00279689
0            558     0.00248245
0            559     0.00134259
0            560    0.000663155
0            561    0.000176895
0            562    2.13779e-05
0            563    2.71804e-11
0            564    3.50284e-11
0            565    4.12787e-11
0            566    4.91236e-11
0            567    5.53629e-11
0            568    4.80394e-11
0            569     1.1602e-10
0            570    2.65812e-11
0            571    2.20267e-12
0            572    9.07516e-21
0            573    1.01698e-20
0            574    1.16694e-20
0            575    1.38689e-20
0            576    1.56387e-20
0            577    1.70729e-20
0            578    2.71636e-20
0            579    1.91818e-20
0            580     3.9972e-21
0            581    1.22441e-30
0            582    1.19484e-30
0            583    1.39336e-30
0            584    1.74548e-30
0            585    2.16205e-30
0            586    2.41243e-30
0            587    4.72805e-30
0            588    2.41913e-30
0            589    2.44654e-30
0            590    3.29409e-40
0            591     3.2318e-40
0            592    3.47495e-40
0            593    3.74694e-40
0            594    6.38105e-40
0            595    1.37408e-39
0            596    2.55278e-39
0            597    2.09329e-39
0            598    3.31415e-39
