0              0    4.02659e-28
0              1    7.12699e-27
0              2     1.3058e-25
0              3    2.39378e-24
0              4    4.42895e-23
0              5    8.10155e-22
0              6    1.50007e-20
0              7    2.75374e-19
0              8    4.91245e-18
0              9    8.72536e-17
0             10    1.52071e-15
0             11    2.57098e-14
0             12    4.25176e-13
0             13     6.7686e-12
0             14    1.02187e-10
0             15    1.48747e-09
0             16    2.02654e-08
0             17    2.53949e-07
0             18    2.93649e-06
0             19    3.07822e-05
0             20    0.000292529
0             21     0.00244944
0             22      0.0179336
0             23       0.114991
0             24       0.619125
0             25        2.81411
0             26        10.6344
0             27        32.7184
0             28        81.7022
0             29        163.546
0             30        261.503
0             31        331.153
0             32        331.337
0             33        262.053
0             34         163.91
0             35        81.5546
0             36        32.4058
0             37        10.3757
0             38        2.72041
0             39       0.584342
0             40       0.104442
0             41      0.0159857
0             42     0.00209545
0             43    0.000239415
0             44    2.40006e-05
0             45    2.18921e-06
0             46    1.80967e-07
0             47    1.34473e-08
0             48     9.3138e-10
0             49    6.06851e-11
0             50    3.72977e-12
0             51    2.14361e-13
0             52    1.19918e-14
0             53    6.54861e-16
0             54    3.44601e-17
0             55    1.78244e-18
0             56    9.07947e-20
0             57    4.55998e-21
0             58    2.30136e-22
0             59    1.16922e-23
0             60    5.86636e-25
0             61    2.96775e-26
0             62    1.54517e-27
0             63    8.14049e-29
0             64    4.43356e-30
0             65    2.45596e-31
0             66    1.41876e-32
0             67    8.70103e-34
0             68    5.46052e-35
0             69    3.66653e-36
0             70    2.60609e-37
0             71    1.92651e-38
0             72    1.50895e-39
0             73    1.24033e-40
0             74    1.07079e-41
0             75    9.61702e-43
0             76    9.00483e-44
0             77    8.97265e-45
0             78    9.27482e-46
0             79    1.00928e-46
0             80    1.16162e-47
0             81    1.38827e-48
0             82    1.74942e-49
0             83    2.33827e-50
0             84    3.23112e-51
0             85    4.76323e-52
0             86    7.47411e-53
0             87    1.21647e-53
0             88    2.11856e-54
0             89    3.87585e-55
0             90    7.57128e-56
0             91    2.93948e-45
0             92    2.51054e-43
0             93    2.17424e-41
0             94    1.87683e-39
0             95    1.63175e-37
0             96    1.40273e-35
0             97    1.21649e-33
0             98    1.03735e-31
0             99    8.81632e-30
0            100    7.49493e-28
0            101    6.29854e-26
0            102    5.15242e-24
0            103    4.04607e-22
0            104    2.98551e-20
0            105    2.03726e-18
0            106    1.25098e-16
0            107    6.91559e-15
0            108    3.39357e-13
0            109    1.46053e-11
0            110    5.49221e-10
0            111    1.78248e-08
0            112    4.91834e-07
0            113    1.14752e-05
0            114    0.000217952
0            115     0.00338818
0            116      0.0410754
0            117       0.379902
0            118         2.5884
0            119        12.5452
0            120        42.1124
0            121        95.5895
0            122        144.627
0            123        144.784
0            124        95.7612
0            125        42.1715
0            126        12.5413
0            127        2.57389
0            128       0.374911
0            129      0.0401705
0            130     0.00326745
0            131    0.000206925
0            132    1.06396e-05
0            133    4.46386e-07
0            134    1.58662e-08
0            135    4.77622e-10
0            136    1.25207e-11
0            137     2.8802e-13
0            138    5.83336e-15
0            139    1.06771e-16
0            140    1.72242e-18
0            141      2.559e-20
0            142    3.43908e-22
0            143    4.33649e-24
0            144    5.21104e-26
0            145    6.04321e-28
0            146    6.91354e-30
0            147    7.82882e-32
0            148    8.88957e-34
0            149       9.96e-36
0            150    1.12686e-37
0            151    1.28501e-39
0            152    1.47142e-41
0            153    1.68956e-43
0            154       1.97e-45
0            155    2.32907e-47
0            156    2.82977e-49
0            157    3.53768e-51
0            158    4.48123e-53
0            159    6.02778e-55
0            160    8.30977e-57
0            161    1.20103e-58
0            162    1.81455e-60
0            163    2.90834e-62
0            164    4.95952e-64
0            165    8.99432e-66
0            166    1.74034e-67
0            167    3.64678e-69
0            168    8.14102e-71
0            169    1.99406e-72
0            170    5.23678e-74
0            171    1.51127e-75
0            172     4.7334e-77
0            173     1.6303e-78
0            174    6.19344e-80
0            175    2.58867e-81
0            176    1.16923e-82
0            177    5.85028e-84
0            178    3.24085e-85
0            179    1.96167e-86
0            180    1.31502e-87
0            181    9.72375e-89
0            182    4.56675e-73
0            183    6.01746e-70
0            184    8.03298e-67
0            185    1.07492e-63
0            186    1.40355e-60
0            187    1.84164e-57
0            188    2.39619e-54
0            189     3.1256e-51
0            190    4.06445e-48
0            191    4.97921e-45
0            192    5.62275e-42
0            193    5.66114e-39
0            194    4.98099e-36
0            195    3.75682e-33
0            196    2.48045e-30
0            197    1.43547e-27
0            198    7.26678e-25
0            199    3.16278e-22
0            200     1.1507e-19
0            201    3.35978e-17
0            202    7.76757e-15
0            203    1.38577e-12
0            204    1.86416e-10
0            205    1.87359e-08
0            206    1.35965e-06
0            207    7.02204e-05
0            208     0.00248745
0            209      0.0573405
0            210       0.809538
0            211        6.43843
0            212        26.8032
0            213        55.4792
0            214        55.4967
0            215        26.8504
0            216        6.43822
0            217       0.808009
0            218      0.0571627
0            219     0.00247044
0            220    6.91805e-05
0            221    1.33144e-06
0            222    1.80873e-08
0            223    1.76242e-10
0            224    1.27248e-12
0            225    6.79269e-15
0            226    2.77011e-17
0            227    8.74276e-20
0            228    2.17145e-22
0            229    4.33691e-25
0            230    7.04743e-28
0            231    9.75083e-31
0            232    1.14738e-33
0            233    1.20047e-36
0            234    1.12632e-39
0            235      9.498e-43
0            236    7.44921e-46
0            237     5.4307e-49
0            238    3.80869e-52
0            239    2.69673e-55
0            240    2.04486e-58
0            241    1.65913e-61
0            242    1.42535e-64
0            243    1.28028e-67
0            244    1.16555e-70
0            245    1.09084e-73
0            246    1.06932e-76
0            247    1.09428e-79
0            248    1.20031e-82
0            249    1.42594e-85
0            250    1.79867e-88
0            251    2.44876e-91
0            252    3.55451e-94
0            253     5.5363e-97
0            254   9.26055e-100
0            255   1.65391e-102
0            256   3.23113e-105
0            257   6.86386e-108
0            258   1.61674e-110
0            259   4.20007e-113
0            260   1.22165e-115
0            261   3.96049e-118
0            262   1.45772e-120
0            263   6.10908e-123
0            264   2.92321e-125
0            265   1.58679e-127
0            266   1.00006e-129
0            267   7.30065e-132
0            268   6.15436e-134
0            269   6.06321e-136
0            270    6.8845e-138
0            271   9.11969e-140
0            272    1.4207e-141
0            273   1.53102e-121
0            274   1.83143e-116
0            275   2.32864e-111
0            276   3.53031e-106
0            277   6.72799e-101
0            278    1.46084e-95
0            279     3.0641e-90
0            280    5.76161e-85
0            281     9.1717e-80
0            282    1.24193e-74
0            283    1.44049e-69
0            284    1.48677e-64
0            285       1.33e-59
0            286    9.74789e-55
0            287    5.35189e-50
0            288    2.08987e-45
0            289    5.68717e-41
0            290    1.07796e-36
0            291    1.43991e-32
0            292    1.34902e-28
0            293    8.44333e-25
0            294    3.36568e-21
0            295    8.29562e-18
0            296    1.24034e-14
0            297    1.08321e-11
0            298    5.39172e-09
0            299    1.48809e-06
0            300    0.000217382
0            301      0.0156215
0            302       0.487773
0            303        5.55097
0            304        19.5888
0            305        19.5897
0            306        5.54641
0            307       0.487431
0            308      0.0155828
0            309    0.000215936
0            310     1.4659e-06
0            311    5.25695e-09
0            312    1.02714e-11
0            313    1.14226e-14
0            314    7.44091e-18
0            315    2.97602e-21
0            316     7.7009e-25
0            317    1.37524e-28
0            318     1.7693e-32
0            319    1.64879e-36
0            320    1.08684e-40
0            321    4.92715e-45
0            322    1.53428e-49
0            323    3.34917e-54
0            324    5.30087e-59
0            325    6.31338e-64
0            326    6.21705e-69
0            327    5.42825e-74
0            328    4.60748e-79
0            329     3.7806e-84
0            330    2.85266e-89
0            331    1.90248e-94
0            332    1.12911e-99
0            333   6.01856e-105
0            334   2.94853e-110
0            335   1.39166e-115
0            336    6.7485e-121
0            337   3.56393e-126
0            338   2.17547e-131
0            339     1.599e-136
0            340   1.35092e-141
0            341   1.26809e-146
0            342   1.33114e-151
0            343   1.54428e-156
0            344   2.00569e-161
0            345   2.90628e-166
0            346   4.85986e-171
0            347   9.48596e-176
0            348   2.17311e-180
0            349   5.93755e-185
0            350   1.96081e-189
0            351   7.92731e-194
0            352   3.99699e-198
0            353   2.48996e-202
0            354   1.98177e-206
0            355   1.99356e-210
0            356   2.56182e-214
0            357   4.26505e-218
0            358   9.29773e-222
0            359    2.6114e-225
0            360   9.68075e-229
0            361   4.69557e-232
0            362   3.01931e-235
0            363    2.5667e-238
0            364   4.16249e-207
0            365   2.32804e-202
0            366   1.35212e-197
0            367   8.05965e-193
0            368   4.92062e-188
0            369   3.01353e-183
0            370   1.87407e-178
0            371   1.15574e-173
0            372   6.94002e-169
0            373   4.00229e-164
0            374   2.19789e-159
0            375   1.14891e-154
0            376   5.58063e-150
0            377   2.52229e-145
0            378   1.05621e-140
0            379   4.05528e-136
0            380   1.40563e-131
0            381   4.43532e-127
0            382   1.24061e-122
0            383   3.13525e-118
0            384   7.01808e-114
0            385   1.37087e-109
0            386   2.35657e-105
0            387   3.51189e-101
0            388    4.52776e-97
0            389    5.00474e-93
0            390     4.7534e-89
0            391    3.81002e-85
0            392    2.59531e-81
0            393    1.47779e-77
0            394    7.05355e-74
0            395    2.80877e-70
0            396    9.31255e-67
0            397    2.57636e-63
0            398    6.05314e-60
0            399    1.22924e-56
0            400    2.20628e-53
0            401    3.54167e-50
0            402    5.12333e-47
0            403    6.50316e-44
0            404    7.04162e-41
0            405    6.40305e-38
0            406     4.7922e-35
0            407    2.97049e-32
0            408    1.50332e-29
0            409    6.19999e-27
0            410    2.07492e-24
0            411    5.58449e-22
0            412    1.19693e-19
0            413    2.00347e-17
0            414     2.6223e-15
0            415    2.65006e-13
0            416    2.06668e-11
0            417    1.23658e-09
0            418    5.63287e-08
0            419     1.9488e-06
0            420    5.05026e-05
0            421    0.000961998
0            422       0.013093
0            423       0.122534
0            424       0.749317
0            425        2.84879
0            426        6.46242
0            427        8.51864
0            428        6.46441
0            429        2.84847
0            430       0.749406
0            431       0.122493
0            432      0.0130989
0            433    0.000959926
0            434    5.04535e-05
0            435    1.94587e-06
0            436    5.63087e-08
0            437    1.23918e-09
0            438    2.07571e-11
0            439    2.67998e-13
0            440    2.66936e-15
0            441    2.07041e-17
0            442    1.26231e-19
0            443    6.08886e-22
0            444    2.33452e-24
0            445    7.19273e-27
0            446    1.78418e-29
0            447    3.57942e-32
0            448    5.80055e-35
0            449    7.67029e-38
0            450    8.38548e-41
0            451    7.61155e-44
0            452    5.94136e-47
0            453    4.11365e-50
0            454    2.59593e-53
0            455    1.48565e-56
0            456    7.51853e-60
0            457    3.27858e-63
0            458    1.20406e-66
0            459    3.71892e-70
0            460    9.49959e-74
0            461    2.01347e-77
0            462    3.59118e-81
0            463    5.35822e-85
0            464    6.75395e-89
0            465     7.2189e-93
0            466    6.59632e-97
0            467   5.17389e-101
0            468   3.49424e-105
0            469   2.05326e-109
0            470   1.06029e-113
0            471   4.79538e-118
0            472   1.93208e-122
0            473   6.92299e-127
0            474   2.20685e-131
0            475   6.44324e-136
0            476   1.68503e-140
0            477   4.10599e-145
0            478    9.0983e-150
0            479    1.8936e-154
0            480   3.65181e-159
0            481   6.74421e-164
0            482   1.17957e-168
0            483   2.00539e-173
0            484   3.34854e-178
0            485   5.54389e-183
0            486   9.18323e-188
0            487   1.56273e-192
0            488   2.71402e-197
0            489   4.80415e-202
0            490   8.71528e-207
0            491   1.62776e-211
0            492   3.08578e-216
0            493   5.98219e-221
0            494   1.19942e-225
0            495   2.48342e-230
0            496   5.52433e-235
0            497   1.34144e-239
0            498   3.80852e-244
0            499   1.30721e-248
0            500   5.40467e-253
0            501   2.55099e-257
0            502   1.31173e-261
0            503   7.27286e-266
0            504   4.22546e-270
0            505   2.58415e-274
0            506   1.65502e-278
0            507   1.11081e-282
0            508   7.89616e-287
0            509   5.88204e-291
0            510   4.64332e-295
0            511   3.89442e-299
0            512   3.50306e-303
0            513   3.37226e-307
0            514              0
0            515              0
0            516              0
0            517              0
0            518              0
0            519              0
0            520              0
0            521              0
0            522              0
0            523              0
0            524              0
0            525              0
0            526              0
0            527              0
0            528              0
0            529              0
0            530              0
0            531              0
0            532              0
0            533              0
0            534              0
0            535              0
0            536              0
0            537              0
0            538              0
0            539              0
0            540              0
0            541              0
0            542              0
0            543              0
0            544              0
0            545        6.20372
0            546        6.14415
0            547        5.96396
0            548        5.24093
0            549        3.33278
0            550        1.18038
0            551       0.278157
0            552      0.0548479
0            553     0.00324325
0            554        25.6976
0            555        25.1887
0            556        24.1569
0            557        20.3832
0            558         12.046
0            559        3.89642
0            560       0.865531
0            561       0.145728
0            562      0.0106405
0            563    1.67825e-06
0            564    1.92295e-06
0            565    2.23931e-06
0            566     2.9653e-06
0            567    3.39697e-06
0            568    2.20075e-06
0            569    8.58251e-07
0            570     1.9486e-07
0            571    1.93339e-08
0            572    6.10627e-18
0            573    9.96311e-18
0            574    1.37003e-17
0            575    2.15054e-17
0            576    3.53598e-17
0            577    4.53032e-17
0            578     2.6488e-17
0            579    8.98601e-18
0            580    1.27329e-18
0            581    2.82341e-31
0            582    4.75112e-31
0            583    7.31565e-31
0            584    1.53836e-30
0            585    2.73111e-30
0            586    5.74259e-30
0            587    6.58652e-30
0            588    3.60239e-30
0            589     8.7955e-31
0            590    7.16266e-45
0            591    1.12887e-44
0            592    1.81991e-44
0            593    4.96262e-44
0            594    8.44235e-44
0            595    3.21297e-43
0            596    4.09257e-43
0            597    2.81203e-43
0            598    1.24801e-43
