0              0    1.29176e-44
0              1    1.08138e-43
0              2     9.6564e-43
0              3    9.00411e-42
0              4    8.91365e-41
0              5    9.13442e-40
0              6    9.95219e-39
0              7    1.14544e-37
0              8    1.35461e-36
0              9    1.68814e-35
0             10    2.19198e-34
0             11    2.91816e-33
0             12    4.03572e-32
0             13    5.73038e-31
0             14    8.21871e-30
0             15    1.21863e-28
0             16    1.82266e-27
0             17    2.72983e-26
0             18    4.14568e-25
0             19      6.364e-24
0             20    1.00244e-22
0             21    1.59226e-21
0             22    2.57859e-20
0             23    4.31399e-19
0             24    7.07465e-18
0             25    1.16361e-16
0             26    1.88446e-15
0             27    2.92176e-14
0             28     4.3916e-13
0             29    6.29459e-12
0             30    8.72361e-11
0             31    1.14769e-09
0             32    1.40002e-08
0             33    1.60081e-07
0             34     1.6966e-06
0             35    1.63349e-05
0             36    0.000142324
0             37     0.00111249
0             38     0.00765674
0             39      0.0465474
0             40        0.24671
0             41        1.10913
0             42        4.23326
0             43        13.5991
0             44        36.4874
0             45        80.5224
0             46        146.567
0             47        219.755
0             48        269.419
0             49        270.368
0             50        222.214
0             51        149.384
0             52        82.5916
0             53        37.7757
0             54        14.2784
0             55        4.50239
0             56        1.19373
0             57       0.267351
0             58      0.0513734
0             59     0.00857276
0             60     0.00123626
0             61     0.00015767
0             62    1.81928e-05
0             63    1.89882e-06
0             64      1.833e-07
0             65    1.62951e-08
0             66    1.36713e-09
0             67    1.09175e-10
0             68    8.08122e-12
0             69    5.78083e-13
0             70    3.93247e-14
0             71    2.53243e-15
0             72    1.58316e-16
0             73    9.54926e-18
0             74     5.6344e-19
0             75     3.2329e-20
0             76    1.83126e-21
0             77    1.05561e-22
0             78    6.06563e-24
0             79    3.53417e-25
0             80    2.11717e-26
0             81    1.28816e-27
0             82    8.06958e-29
0             83    5.26748e-30
0             84    3.48917e-31
0             85    2.40202e-32
0             86    1.73972e-33
0             87    1.29101e-34
0             88    1.00405e-35
0             89    8.06952e-37
0             90    6.87811e-38
0             91    2.43033e-69
0             92    6.62988e-68
0             93    1.94624e-66
0             94    6.11215e-65
0             95    2.04536e-63
0             96    7.27094e-62
0             97    2.76329e-60
0             98    1.09185e-58
0             99    4.53842e-57
0            100    1.98504e-55
0            101    9.06883e-54
0            102    4.28371e-52
0            103     2.1037e-50
0            104    1.06152e-48
0            105    5.57732e-47
0            106    3.01082e-45
0            107    1.71043e-43
0            108     1.0278e-41
0            109    6.60274e-40
0            110    4.59251e-38
0            111    3.44415e-36
0            112    2.72264e-34
0            113    2.23851e-32
0            114    1.82192e-30
0            115    1.49481e-28
0            116    1.16748e-26
0            117    8.68794e-25
0            118    6.07038e-23
0            119    3.89998e-21
0            120    2.28572e-19
0            121    1.20122e-17
0            122      5.629e-16
0            123     2.3635e-14
0            124    8.87978e-13
0            125    2.95567e-11
0            126    8.76764e-10
0            127    2.28552e-08
0            128    5.15753e-07
0            129     9.8202e-06
0            130    0.000155061
0            131     0.00199731
0            132      0.0203646
0            133       0.164113
0            134        1.01212
0            135        4.76052
0            136        16.6955
0            137        43.2103
0            138        81.8058
0            139        112.414
0            140        112.001
0            141        80.9846
0            142        42.5569
0            143         16.399
0            144        4.67513
0            145       0.996773
0            146       0.161921
0            147      0.0204221
0            148     0.00204615
0            149    0.000165158
0            150    1.09856e-05
0            151    6.11774e-07
0            152    2.86931e-08
0            153    1.14582e-09
0            154    3.95568e-11
0            155    1.18515e-12
0            156    3.11355e-14
0            157    7.21488e-16
0            158    1.46463e-17
0            159    2.72045e-19
0            160     4.5252e-21
0            161    7.02691e-23
0            162     1.0235e-24
0            163    1.42297e-26
0            164     1.9095e-28
0            165    2.47992e-30
0            166    3.15439e-32
0            167    3.99911e-34
0            168    5.05838e-36
0            169    6.63275e-38
0            170    9.20523e-40
0            171    1.39826e-41
0            172    2.34401e-43
0            173     4.3271e-45
0            174    8.65256e-47
0            175    1.82456e-48
0            176      3.943e-50
0            177    8.85936e-52
0            178    2.03037e-53
0            179    4.79298e-55
0            180    1.15846e-56
0            181    2.90047e-58
0            182   1.24024e-109
0            183   2.00442e-107
0            184   3.58705e-105
0            185   7.05752e-103
0            186   1.49715e-100
0            187    3.47535e-98
0            188       8.67e-96
0            189     2.3328e-93
0            190    6.81198e-91
0            191    2.12685e-88
0            192    7.29539e-86
0            193    2.82431e-83
0            194    1.28009e-80
0            195    6.90004e-78
0            196    4.48552e-75
0            197    3.38798e-72
0            198    2.87011e-69
0            199    2.60429e-66
0            200    2.46972e-63
0            201     2.3456e-60
0            202    2.21216e-57
0            203    2.03148e-54
0            204    1.77573e-51
0            205     1.4731e-48
0            206    1.12532e-45
0            207    8.05123e-43
0            208    5.47618e-40
0            209     3.6693e-37
0            210    2.58661e-34
0            211    1.91011e-31
0            212    1.37957e-28
0            213    9.00648e-26
0            214    4.83139e-23
0            215    1.98366e-20
0            216    6.04754e-18
0            217    1.31709e-15
0            218    2.02125e-13
0            219    2.17467e-11
0            220    1.66035e-09
0            221    8.92427e-08
0            222    3.44742e-06
0            223    9.77722e-05
0            224     0.00202156
0            225      0.0302002
0            226       0.310755
0            227        2.11602
0            228        9.18121
0            229        24.7457
0            230        40.8636
0            231        41.0691
0            232        25.1253
0            233        9.42381
0            234        2.19607
0            235       0.324153
0            236      0.0314252
0            237     0.00206051
0            238      9.456e-05
0            239    3.11518e-06
0            240     7.4991e-08
0            241    1.31125e-09
0            242    1.68946e-11
0            243    1.65494e-13
0            244    1.26186e-15
0            245    7.63782e-18
0            246    3.71088e-20
0            247    1.44707e-22
0            248    4.75105e-25
0            249    1.39945e-27
0            250    3.77222e-30
0            251    9.28371e-33
0            252    1.97157e-35
0            253    3.51893e-38
0            254    5.24523e-41
0            255    6.46105e-44
0            256     6.7388e-47
0            257    6.01711e-50
0            258    4.68401e-53
0            259    3.22548e-56
0            260    2.02095e-59
0            261    1.16328e-62
0            262    6.49408e-66
0            263    3.75287e-69
0            264    2.49264e-72
0            265    2.08234e-75
0            266    2.27857e-78
0            267    3.01265e-81
0            268    4.45854e-84
0            269    7.28727e-87
0            270    1.27748e-89
0            271    2.46229e-92
0            272    5.27954e-95
0            273   1.78864e-183
0            274   1.07198e-179
0            275   7.64063e-176
0            276   6.45235e-172
0            277   6.35046e-168
0            278    7.2737e-164
0            279    9.4979e-160
0            280   1.43808e-155
0            281   2.55344e-151
0            282   6.04831e-147
0            283   2.75022e-142
0            284    2.8509e-137
0            285   4.36546e-132
0            286   7.64019e-127
0            287   1.38218e-121
0            288   2.48068e-116
0            289   4.28573e-111
0            290   6.90602e-106
0            291   1.01598e-100
0            292    1.33646e-95
0            293    1.50842e-90
0            294     1.4313e-85
0            295    1.11497e-80
0            296    7.01214e-76
0            297    3.40081e-71
0            298    1.24862e-66
0            299    3.43315e-62
0            300    6.92524e-58
0            301    1.10483e-53
0            302    2.10975e-49
0            303    6.39349e-45
0            304    1.79297e-40
0            305    3.33236e-36
0            306    3.81017e-32
0            307    2.62316e-28
0            308     1.1068e-24
0            309    2.89909e-21
0            310    4.64884e-18
0            311    4.30852e-15
0            312    2.25561e-12
0            313    6.55079e-10
0            314    1.06812e-07
0            315    9.74168e-06
0            316    0.000493644
0            317      0.0137703
0            318       0.208101
0            319        1.66052
0            320        6.78489
0            321        13.8298
0            322        13.8648
0            323        6.82138
0            324        1.65448
0            325        0.19926
0            326      0.0121946
0            327    0.000391154
0            328    6.82796e-06
0            329    6.54358e-08
0            330    3.53568e-10
0            331    1.16043e-12
0            332     2.5151e-15
0            333    3.49875e-18
0            334     2.8472e-21
0            335    1.28363e-24
0            336     3.1814e-28
0            337    4.41274e-32
0            338    3.65912e-36
0            339    2.07243e-40
0            340    9.38578e-45
0            341    3.67135e-49
0            342    1.18024e-53
0            343    2.84691e-58
0            344    5.02294e-63
0            345    6.80296e-68
0            346     8.9169e-73
0            347    1.73882e-77
0            348    5.00707e-82
0            349    1.48841e-86
0            350    3.98791e-91
0            351    9.53798e-96
0            352   2.09336e-100
0            353   4.24895e-105
0            354   8.26056e-110
0            355   1.55002e-114
0            356   2.89945e-119
0            357   5.49422e-124
0            358   1.08987e-128
0            359   2.26236e-133
0            360   5.08472e-138
0            361   1.25206e-142
0            362    3.4685e-147
0            363   1.09345e-151
0            364              0
0            365              0
0            366              0
0            367   1.66266e-307
0            368   3.45686e-304
0            369   7.69419e-301
0            370   2.07737e-297
0            371   7.48499e-294
0            372    3.8604e-290
0            373    2.7314e-286
0            374    2.4412e-282
0            375   2.62912e-278
0            376   3.27172e-274
0            377   4.71355e-270
0            378   7.82587e-266
0            379   1.47661e-261
0            380   3.08315e-257
0            381   7.12197e-253
0            382    1.7489e-248
0            383   4.66532e-244
0            384   1.30677e-239
0            385   3.80431e-235
0            386   1.15233e-230
0            387   3.61868e-226
0            388   1.16019e-221
0            389   3.80498e-217
0            390   1.27357e-212
0            391   4.28675e-208
0            392   1.45986e-203
0            393   4.93674e-199
0            394   1.66794e-194
0            395   5.57101e-190
0            396   1.82035e-185
0            397   5.80887e-181
0            398   1.81252e-176
0            399   5.47212e-172
0            400    1.5887e-167
0            401    4.3753e-163
0            402   1.15281e-158
0            403   2.86646e-154
0            404   6.68665e-150
0            405    1.4641e-145
0            406   2.96027e-141
0            407   5.58607e-137
0            408   9.61281e-133
0            409   1.50481e-128
0            410   2.14538e-124
0            411   2.76702e-120
0            412   3.21911e-116
0            413   3.30722e-112
0            414   3.03965e-108
0            415    2.4548e-104
0            416   1.74846e-100
0            417    1.08926e-96
0            418    5.87815e-93
0            419    2.77177e-89
0            420    1.13728e-85
0            421    4.08481e-82
0            422    1.31187e-78
0            423    3.92797e-75
0            424    1.12628e-71
0            425    3.10759e-68
0            426     7.9811e-65
0            427    1.82264e-61
0            428    3.51361e-58
0            429    5.63481e-55
0            430    7.30992e-52
0            431    7.71842e-49
0            432    6.65274e-46
0            433    4.94818e-43
0            434    3.41954e-40
0            435    2.39626e-37
0            436    1.61888e-34
0            437    9.41762e-32
0            438    4.38121e-29
0            439    1.56261e-26
0            440    4.29276e-24
0            441     9.1977e-22
0            442    1.56681e-19
0            443    2.15202e-17
0            444    2.36565e-15
0            445    2.00873e-13
0            446    1.26074e-11
0            447    5.59413e-10
0            448    1.71172e-08
0            449    3.57491e-07
0            450    5.17795e-06
0            451    5.42656e-05
0            452    0.000432477
0            453     0.00277758
0            454      0.0149565
0            455      0.0676274
0            456       0.249809
0            457       0.733643
0            458        1.69249
0            459        3.05986
0            460        4.35321
0            461        4.88911
0            462        4.34367
0            463        3.05043
0            464        1.68817
0            465       0.733106
0            466       0.249286
0            467      0.0663871
0            468      0.0138925
0            469     0.00229922
0            470    0.000302921
0            471    3.17232e-05
0            472    2.62421e-06
0            473    1.66937e-07
0            474    7.91999e-09
0            475    2.74004e-10
0            476    6.73467e-12
0            477    1.17477e-13
0            478    1.44132e-15
0            479    1.25706e-17
0            480    7.82454e-20
0            481    3.58975e-22
0            482    1.25779e-24
0            483    3.65554e-27
0            484    9.60945e-30
0            485     2.3937e-32
0            486    5.51074e-35
0            487    1.11781e-37
0            488    1.91342e-40
0            489    2.70998e-43
0            490    3.14899e-46
0            491    2.99838e-49
0            492    2.31108e-52
0            493    1.44713e-55
0            494    7.38564e-59
0            495    3.05638e-62
0            496    1.03954e-65
0            497    2.87182e-69
0            498    6.56196e-73
0            499    1.24336e-76
0            500    1.96398e-80
0            501    2.58669e-84
0            502     2.8485e-88
0            503    2.68227e-92
0            504    2.14348e-96
0            505   1.49036e-100
0            506   9.31129e-105
0            507   5.86221e-109
0            508    4.6843e-113
0            509   5.18061e-117
0            510   6.63603e-121
0            511   8.31395e-125
0            512   9.61167e-129
0            513   1.00512e-132
0            514   9.52779e-137
0            515   8.23941e-141
0            516   6.54827e-145
0            517    4.7686e-149
0            518   3.23826e-153
0            519   2.03507e-157
0            520   1.20452e-161
0            521   6.69883e-166
0            522    3.5242e-170
0            523   1.75974e-174
0            524   8.44319e-179
0            525   3.86009e-183
0            526   1.70312e-187
0            527   7.39896e-192
0            528   3.09787e-196
0            529   1.28232e-200
0            530   5.19626e-205
0            531   2.09021e-209
0            532   8.41434e-214
0            533   3.39803e-218
0            534   1.37239e-222
0            535   5.68358e-227
0            536   2.43513e-231
0            537   1.12277e-235
0            538   6.11876e-240
0            539   4.47193e-244
0            540   4.58027e-248
0            541   5.84633e-252
0            542   8.45265e-256
0            543   1.30931e-259
0            544   2.15172e-263
0            545    3.24172e-22
0            546    3.99355e-22
0            547    4.92732e-22
0            548    8.43742e-22
0            549    4.55686e-21
0            550    3.18156e-21
0            551    1.40967e-21
0            552    4.65671e-22
0            553    1.18954e-22
0            554    1.29217e-10
0            555    1.40606e-10
0            556    1.62758e-10
0            557    2.11528e-10
0            558    3.00992e-10
0            559    1.99031e-10
0            560    1.10459e-10
0            561    3.27022e-11
0            562    3.67194e-12
0            563       0.056764
0            564      0.0585433
0            565      0.0595498
0            566      0.0564589
0            567      0.0431761
0            568      0.0183459
0            569     0.00542654
0            570     0.00145452
0            571     8.8452e-05
0            572        127.387
0            573        123.656
0            574        116.841
0            575        94.3332
0            576        51.2723
0            577        15.3512
0            578        3.39503
0            579        0.62752
0            580      0.0359932
0            581      0.0569885
0            582      0.0582979
0            583       0.059124
0            584      0.0576357
0            585       0.046856
0            586      0.0209505
0            587     0.00611186
0            588     0.00106022
0            589    7.05733e-05
0            590     1.3869e-10
0            591     1.7039e-10
0            592    2.17165e-10
0            593    3.22968e-10
0            594    4.43022e-10
0            595    8.18188e-10
0            596     1.8373e-10
0            597    1.87828e-11
0            598    3.75233e-12
