0              0    1.2109e-118
0              1   1.60082e-115
0              2   2.53136e-112
0              3    4.4263e-109
0              4    9.0092e-106
0              5   1.94152e-102
0              6    4.82568e-99
0              7    1.35319e-95
0              8    3.88987e-92
0              9    1.24538e-88
0             10    4.28649e-85
0             11    1.50497e-81
0             12    5.63678e-78
0             13    2.17346e-74
0             14    8.16894e-71
0             15    3.20653e-67
0             16    1.20753e-63
0             17    4.22432e-60
0             18    1.39827e-56
0             19    4.24583e-53
0             20    1.20235e-49
0             21    2.95719e-46
0             22    6.46801e-43
0             23    1.30878e-39
0             24    2.17143e-36
0             25    3.21756e-33
0             26    4.12969e-30
0             27    4.29231e-27
0             28    3.69891e-24
0             29    2.49993e-21
0             30    1.35067e-18
0             31    5.53684e-16
0             32    1.63097e-13
0             33    3.55313e-11
0             34    5.57943e-09
0             35    6.02862e-07
0             36    4.41662e-05
0             37     0.00213217
0             38      0.0649603
0             39        1.24775
0             40         14.647
0             41        100.661
0             42        405.051
0             43        940.533
0             44        1246.89
0             45        941.509
0             46         407.61
0             47        100.818
0             48        14.6002
0             49        1.26206
0             50      0.0666021
0             51     0.00214756
0             52    4.48624e-05
0             53     6.2678e-07
0             54    5.81858e-09
0             55    3.74522e-11
0             56    1.70631e-13
0             57    5.54289e-16
0             58    1.34311e-18
0             59    2.48333e-21
0             60    3.39182e-24
0             61    3.63071e-27
0             62    3.22085e-30
0             63    2.30789e-33
0             64    1.41113e-36
0             65    7.13695e-40
0             66    3.20347e-43
0             67    1.32873e-46
0             68    4.68392e-50
0             69    1.60785e-53
0             70    5.21201e-57
0             71    1.56174e-60
0             72    4.67052e-64
0             73    1.37411e-67
0             74    4.09918e-71
0             75    1.21516e-74
0             76    3.67554e-78
0             77    1.22229e-81
0             78    4.13543e-85
0             79    1.48588e-88
0             80    5.81256e-92
0             81    2.35202e-95
0             82    1.03096e-98
0             83   5.04908e-102
0             84   2.54566e-105
0             85   1.45582e-108
0             86   9.62736e-112
0             87    6.7738e-115
0             88   5.59929e-118
0             89    5.1668e-121
0             90    5.7378e-124
0             91   4.14276e-221
0             92   2.74169e-215
0             93   2.39785e-209
0             94   2.71442e-203
0             95   3.88141e-197
0             96   6.95365e-191
0             97   1.58611e-184
0             98   4.07839e-178
0             99   1.23338e-171
0            100   4.34835e-165
0            101   1.71777e-158
0            102   7.18396e-152
0            103   3.21425e-145
0            104   1.42623e-138
0            105   6.47045e-132
0            106   2.71411e-125
0            107   1.09055e-118
0            108    3.9645e-112
0            109   1.25921e-105
0            110    3.45582e-99
0            111    7.95696e-93
0            112    1.47145e-86
0            113    2.23226e-80
0            114    2.54154e-74
0            115    2.42628e-68
0            116    1.66781e-62
0            117    8.32111e-57
0            118    2.87088e-51
0            119    6.41837e-46
0            120    9.08914e-41
0            121    7.74277e-36
0            122    3.87034e-31
0            123    1.12445e-26
0            124    1.82813e-22
0            125    1.56112e-18
0            126    6.93367e-15
0            127    1.53352e-11
0            128    1.63919e-08
0            129    8.06372e-06
0            130     0.00175718
0            131       0.161341
0            132        5.76954
0            133        78.0563
0            134        376.879
0            135        640.618
0            136         378.11
0            137        78.2195
0            138        5.78998
0            139       0.161975
0            140     0.00176105
0            141    8.15355e-06
0            142    1.64053e-08
0            143    1.54805e-11
0            144    7.07134e-15
0            145    1.60233e-18
0            146    1.88648e-22
0            147    1.18468e-26
0            148     4.1449e-31
0            149    8.08657e-36
0            150     9.4165e-41
0            151    6.79649e-46
0            152    3.08611e-51
0            153    9.09729e-57
0            154    1.84586e-62
0            155    2.62256e-68
0            156    2.74498e-74
0            157    2.16611e-80
0            158    1.24804e-86
0            159    6.14635e-93
0            160    2.34428e-99
0            161   7.77519e-106
0            162   2.25514e-112
0            163   6.08147e-119
0            164   1.56913e-125
0            165   3.88261e-132
0            166   9.40979e-139
0            167   2.34225e-145
0            168   5.71591e-152
0            169   1.50885e-158
0            170   4.13483e-165
0            171   1.27117e-171
0            172   4.31136e-178
0            173   1.70447e-184
0            174   8.12813e-191
0            175   4.69756e-197
0            176   3.13578e-203
0            177   2.71809e-209
0            178   3.02236e-215
0            179   4.30778e-221
0            180   8.14715e-227
0            181   2.08281e-232
0            182              0
0            183              0
0            184              0
0            185              0
0            186              0
0            187              0
0            188              0
0            189              0
0            190              0
0            191              0
0            192   4.88585e-303
0            193   1.54386e-290
0            194   5.70934e-278
0            195   2.25924e-265
0            196   9.71926e-253
0            197   4.14708e-240
0            198   1.70747e-227
0            199   6.26765e-215
0            200   2.02057e-202
0            201   5.06939e-190
0            202   9.79714e-178
0            203   1.34494e-165
0            204   1.18152e-153
0            205   6.44094e-142
0            206   1.86865e-130
0            207   2.87636e-119
0            208   2.14266e-108
0            209    6.93289e-98
0            210    9.71411e-88
0            211    5.36519e-78
0            212    1.06843e-68
0            213    7.51256e-60
0            214    1.72099e-51
0            215    1.20622e-43
0            216    2.55706e-36
0            217     1.4873e-29
0            218    2.22888e-23
0            219    8.13481e-18
0            220    7.09414e-13
0            221    1.35316e-08
0            222    5.38325e-05
0            223      0.0410564
0            224        5.24061
0            225        101.918
0            226        276.112
0            227         101.82
0            228        5.24656
0            229      0.0408654
0            230    5.34862e-05
0            231    1.35631e-08
0            232    7.07168e-13
0            233    8.30271e-18
0            234    2.27661e-23
0            235     1.5005e-29
0            236    2.63081e-36
0            237    1.25522e-43
0            238     1.7441e-51
0            239    7.54546e-60
0            240    1.11892e-68
0            241    5.67191e-78
0            242    1.04575e-87
0            243    7.69077e-98
0            244   2.31524e-108
0            245    3.1753e-119
0            246   2.21154e-130
0            247   8.01547e-142
0            248   1.76467e-153
0            249   2.65967e-165
0            250   2.65343e-177
0            251   1.88485e-189
0            252   9.07874e-202
0            253   3.12412e-214
0            254   8.08904e-227
0            255   1.58859e-239
0            256   2.73379e-252
0            257   4.28175e-265
0            258   6.87578e-278
0            259   1.18151e-290
0            260   2.41613e-303
0            261              0
0            262              0
0            263              0
0            264              0
0            265              0
0            266              0
0            267              0
0            268              0
0            269              0
0            270              0
0            271              0
0            272              0
0            273              0
0            274              0
0            275              0
0            276              0
0            277              0
0            278              0
0            279              0
0            280              0
0            281              0
0            282              0
0            283              0
0            284              0
0            285              0
0            286              0
0            287              0
0            288              0
0            289              0
0            290              0
0            291              0
0            292              0
0            293              0
0            294              0
0            295   2.17944e-298
0            296   1.14772e-275
0            297    1.9183e-253
0            298   9.48894e-232
0            299   1.28717e-210
0            300   3.76137e-190
0            301   1.98737e-170
0            302   1.71088e-151
0            303   2.06732e-133
0            304   3.02486e-116
0            305   4.79508e-100
0            306    7.37897e-85
0            307    9.42528e-71
0            308    9.07533e-58
0            309    5.88422e-46
0            310    2.34963e-35
0            311    5.07742e-26
0            312    5.70954e-18
0            313    3.02519e-11
0            314    7.07099e-06
0            315      0.0621456
0            316        16.4587
0            317        108.245
0            318        16.4351
0            319      0.0620156
0            320    7.06952e-06
0            321    3.01303e-11
0            322    5.60587e-18
0            323    4.99598e-26
0            324    2.30731e-35
0            325    5.79205e-46
0            326    9.00022e-58
0            327    9.16258e-71
0            328    7.23543e-85
0            329   4.93749e-100
0            330   3.27378e-116
0            331   2.32782e-133
0            332   2.12204e-151
0            333   2.81195e-170
0            334   6.05916e-190
0            335   2.51247e-210
0            336   2.49748e-231
0            337   6.68487e-253
0            338   4.97804e-275
0            339   1.11915e-297
0            340              0
0            341              0
0            342              0
0            343              0
0            344              0
0            345              0
0            346              0
0            347              0
0            348              0
0            349              0
0            350              0
0            351              0
0            352              0
0            353              0
0            354              0
0            355              0
0            356              0
0            357              0
0            358              0
0            359              0
0            360              0
0            361              0
0            362              0
0            363              0
0            364              0
0            365              0
0            366              0
0            367              0
0            368              0
0            369              0
0            370              0
0            371              0
0            372              0
0            373              0
0            374              0
0            375              0
0            376              0
0            377              0
0            378              0
0            379              0
0            380              0
0            381              0
0            382              0
0            383              0
0            384              0
0            385              0
0            386              0
0            387              0
0            388              0
0            389              0
0            390              0
0            391              0
0            392              0
0            393              0
0            394              0
0            395              0
0            396              0
0            397              0
0            398              0
0            399              0
0            400              0
0            401              0
0            402              0
0            403              0
0            404              0
0            405              0
0            406              0
0            407              0
0            408              0
0            409              0
0            410              0
0            411              0
0            412              0
0            413              0
0            414              0
0            415              0
0            416              0
0            417              0
0            418              0
0            419              0
0            420              0
0            421              0
0            422   4.37368e-298
0            423   5.05332e-280
0            424   2.11911e-262
0            425   3.10184e-245
0            426   1.52674e-228
0            427   2.47756e-212
0            428   1.22299e-196
0            429   1.90083e-181
0            430   8.50732e-167
0            431   1.12915e-152
0            432   4.12958e-139
0            433   4.31471e-126
0            434   1.17298e-113
0            435   8.62622e-102
0            436    1.59278e-90
0            437    7.19535e-80
0            438    8.01782e-70
0            439    2.08328e-60
0            440    1.26435e-51
0            441    1.73473e-43
0            442    5.24322e-36
0            443    3.45278e-29
0            444    4.90159e-23
0            445    1.46463e-17
0            446    9.10072e-13
0            447    1.14613e-08
0            448    2.85912e-05
0            449      0.0134464
0            450        1.13817
0            451        16.7178
0            452        41.0929
0            453        16.7221
0            454         1.1404
0            455      0.0134467
0            456    2.85865e-05
0            457    1.15023e-08
0            458    9.09551e-13
0            459    1.47511e-17
0            460    4.91991e-23
0            461    3.44198e-29
0            462     5.2152e-36
0            463     1.7154e-43
0            464     1.2546e-51
0            465    2.06569e-60
0            466    7.90276e-70
0            467    7.13073e-80
0            468    1.54038e-90
0            469   8.23274e-102
0            470   1.13082e-113
0            471    3.9691e-126
0            472   3.79627e-139
0            473   9.78772e-153
0            474    6.9999e-167
0            475   1.52288e-181
0            476   9.64375e-197
0            477   1.99767e-212
0            478   1.29699e-228
0            479   2.88252e-245
0            480   2.11183e-262
0            481   5.61521e-280
0            482   5.16596e-298
0            483              0
0            484              0
0            485              0
0            486              0
0            487              0
0            488              0
0            489              0
0            490              0
0            491              0
0            492              0
0            493              0
0            494              0
0            495              0
0            496              0
0            497              0
0            498              0
0            499              0
0            500              0
0            501              0
0            502              0
0            503              0
0            504              0
0            505              0
0            506              0
0            507              0
0            508              0
0            509              0
0            510              0
0            511              0
0            512              0
0            513              0
0            514              0
0            515              0
0            516              0
0            517              0
0            518              0
0            519              0
0            520              0
0            521              0
0            522              0
0            523              0
0            524              0
0            525              0
0            526              0
0            527              0
0            528              0
0            529              0
0            530              0
0            531              0
0            532              0
0            533              0
0            534              0
0            535              0
0            536              0
0            537              0
0            538              0
0            539              0
0            540              0
0            541              0
0            542              0
0            543              0
0            544              0
0            545    6.21738e-49
0            546    1.04713e-48
0            547    1.44173e-48
0            548    1.59404e-48
0            549    4.35756e-49
0            550    6.19373e-51
0            551    8.54081e-54
0            552    1.31137e-58
0            553    2.65598e-71
0            554     6.8955e-17
0            555     8.8901e-17
0            556     1.1207e-16
0            557     1.3732e-16
0            558    6.72379e-17
0            559    4.04392e-18
0            560    4.87053e-20
0            561    9.01537e-24
0            562    2.62443e-40
0            563        27.1157
0            564        26.2641
0            565        24.0117
0            566        17.5075
0            567        6.49955
0            568       0.598818
0            569      0.0184359
0            570    2.68955e-06
0            571    2.50637e-25
0            572      0.0188567
0            573      0.0192516
0            574      0.0188287
0            575      0.0157403
0            576     0.00675508
0            577    0.000611097
0            578    1.60436e-05
0            579    1.03882e-08
0            580      3.238e-28
0            581    9.52669e-25
0            582    1.24944e-24
0            583    1.59374e-24
0            584    1.97292e-24
0            585     8.4308e-25
0            586    3.30669e-26
0            587    1.33264e-28
0            588    1.20981e-30
0            589    1.23428e-48
0            590    5.85119e-60
0            591    9.52731e-60
0            592    1.36114e-59
0            593    2.92333e-59
0            594    2.81473e-60
0            595    1.74602e-62
0            596    2.43043e-65
0            597     4.7567e-69
0            598    4.08673e-84
