0              0    2.18173e-68
0              1    5.79662e-67
0              2    1.70626e-65
0              3    5.37572e-64
0              4    1.86248e-62
0              5    6.76306e-61
0              6    2.68391e-59
0              7    1.15499e-57
0              8    5.12733e-56
0              9     2.4447e-54
0             10    1.23134e-52
0             11     6.3819e-51
0             12    3.48671e-49
0             13    1.97814e-47
0             14    1.13651e-45
0             15    6.86845e-44
0             16    4.20418e-42
0             17    2.57876e-40
0             18    1.60877e-38
0             19      1.012e-36
0             20    6.51548e-35
0             21    4.15772e-33
0             22    2.67527e-31
0             23    1.77254e-29
0             24    1.12872e-27
0             25    7.23739e-26
0             26    4.57944e-24
0             27    2.75403e-22
0             28    1.60279e-20
0             29    8.75486e-19
0             30    4.55751e-17
0             31    2.19048e-15
0             32    9.39179e-14
0             33    3.66345e-12
0             34    1.28453e-10
0             35    3.93899e-09
0             36    1.05154e-07
0             37    2.41575e-06
0             38    4.64752e-05
0             39    0.000753433
0             40      0.0101011
0             41       0.107104
0             42       0.895906
0             43        5.79991
0             44        28.5103
0             45        103.103
0             46        273.825
0             47        530.319
0             48        737.433
0             49        736.028
0             50        527.946
0             51        271.939
0             52        101.813
0             53        28.1125
0             54          5.748
0             55       0.889973
0             56       0.106461
0             57     0.00998487
0             58    0.000757107
0             59    4.74509e-05
0             60    2.44101e-06
0             61    1.06465e-07
0             62    4.05161e-09
0             63    1.33483e-10
0             64    3.91315e-12
0             65    1.00988e-13
0             66      2.381e-15
0             67    5.22487e-17
0             68    1.02982e-18
0             69    1.95356e-20
0             70    3.50593e-22
0             71    5.93116e-24
0             72    9.87031e-26
0             73    1.61071e-27
0             74    2.64274e-29
0             75    4.33916e-31
0             76    7.27681e-33
0             77    1.29141e-34
0             78    2.32445e-36
0             79    4.28234e-38
0             80    8.12202e-40
0             81      1.542e-41
0             82    2.97013e-43
0             83    5.88691e-45
0             84    1.15355e-46
0             85    2.32233e-48
0             86    4.89023e-50
0             87    1.03616e-51
0             88    2.30195e-53
0             89    5.25461e-55
0             90    1.28552e-56
0             91   1.15258e-114
0             92   2.84511e-112
0             93   8.05181e-110
0             94   2.59672e-107
0             95   9.42818e-105
0             96   3.85975e-102
0             97    1.79473e-99
0             98     9.0254e-97
0             99    5.01748e-94
0            100     3.0817e-91
0            101     2.0631e-88
0            102    1.47221e-85
0            103     1.1296e-82
0            104    9.02759e-80
0            105    7.66308e-77
0            106    6.63103e-74
0            107    5.98319e-71
0            108    5.52714e-68
0            109    5.19543e-65
0            110    4.99179e-62
0            111    4.87811e-59
0            112    4.76351e-56
0            113    4.68218e-53
0            114    4.41579e-50
0            115    4.20165e-47
0            116    3.74528e-44
0            117    3.17264e-41
0            118    2.52516e-38
0            119    1.84423e-35
0            120    1.23015e-32
0            121    7.31345e-30
0            122    3.83263e-27
0            123    1.76055e-24
0            124    6.93955e-22
0            125    2.24371e-19
0            126    5.90808e-17
0            127    1.22836e-14
0            128    1.98505e-12
0            129    2.43316e-10
0            130    2.24454e-08
0            131    1.54334e-06
0            132    7.61141e-05
0            133     0.00269354
0            134      0.0642258
0            135        1.00797
0            136        9.76895
0            137        56.0276
0            138        183.469
0            139        333.524
0            140        333.569
0            141        183.637
0            142        56.1335
0            143        9.81375
0            144        1.01676
0            145      0.0651092
0            146     0.00271585
0            147    7.70269e-05
0            148    1.54332e-06
0            149    2.21883e-08
0            150    2.35882e-10
0            151    1.89225e-12
0            152    1.15367e-14
0            153    5.44126e-17
0            154    2.04697e-19
0            155    6.25623e-22
0            156     1.6088e-24
0            157    3.57307e-27
0            158    6.83781e-30
0            159    1.20408e-32
0            160    1.85229e-35
0            161    2.59394e-38
0            162    3.26154e-41
0            163    3.73803e-44
0            164    3.95518e-47
0            165    3.88573e-50
0            166    3.62121e-53
0            167    3.30259e-56
0            168    2.93473e-59
0            169    2.66945e-62
0            170    2.48534e-65
0            171    2.43032e-68
0            172    2.47912e-71
0            173    2.66764e-74
0            174    3.05047e-77
0            175    3.68303e-80
0            176    4.59008e-83
0            177    6.18828e-86
0            178    8.87079e-89
0            179    1.37148e-91
0            180    2.28769e-94
0            181    4.18606e-97
0            182   8.57142e-201
0            183   1.40723e-196
0            184   2.97226e-192
0            185   7.95199e-188
0            186   2.60412e-183
0            187   1.07518e-178
0            188   5.41642e-174
0            189   3.34479e-169
0            190   2.54038e-164
0            191   2.25486e-159
0            192   2.36729e-154
0            193   2.90243e-149
0            194   4.09466e-144
0            195   6.34766e-139
0            196   1.08301e-133
0            197   1.95715e-128
0            198   3.72287e-123
0            199   7.18331e-118
0            200   1.40467e-112
0            201   2.66251e-107
0            202   4.95857e-102
0            203    9.01141e-97
0            204    1.56569e-91
0            205    2.60043e-86
0            206    3.85684e-81
0            207    5.06632e-76
0            208    5.61979e-71
0            209    5.01727e-66
0            210    3.67158e-61
0            211    2.18637e-56
0            212    1.05637e-51
0            213    4.19572e-47
0            214    1.29455e-42
0            215    2.91481e-38
0            216    4.68854e-34
0            217     5.1234e-30
0            218    3.71768e-26
0            219    1.75007e-22
0            220    5.31071e-19
0            221    9.80175e-16
0            222    1.07794e-12
0            223    6.91994e-10
0            224    2.47514e-07
0            225    4.89587e-05
0            226     0.00501878
0            227       0.248207
0            228        5.30887
0            229        43.9301
0            230        129.293
0            231        129.318
0            232        43.9692
0            233         5.3223
0            234       0.249459
0            235      0.0050313
0            236     4.9278e-05
0            237    2.50688e-07
0            238    6.95389e-10
0            239    1.08909e-12
0            240    1.00615e-15
0            241    5.53424e-19
0            242    1.85921e-22
0            243    3.91238e-26
0            244    5.16921e-30
0            245    4.42025e-34
0            246    2.56414e-38
0            247    1.03432e-42
0            248    3.11753e-47
0            249    7.42138e-52
0            250     1.3905e-56
0            251    2.13282e-61
0            252    2.65141e-66
0            253    2.76353e-71
0            254    2.51601e-76
0            255    2.02992e-81
0            256    1.52765e-86
0            257      1.072e-91
0            258    7.05296e-97
0            259   4.31405e-102
0            260   2.50035e-107
0            261   1.35398e-112
0            262   7.14652e-118
0            263   3.74545e-123
0            264   1.99043e-128
0            265   1.06789e-133
0            266   6.18636e-139
0            267   3.91328e-144
0            268   2.73022e-149
0            269   2.21514e-154
0            270   2.04303e-159
0            271    2.2491e-164
0            272   3.00634e-169
0            273              0
0            274              0
0            275              0
0            276              0
0            277              0
0            278              0
0            279              0
0            280    2.7002e-306
0            281   2.04945e-297
0            282   2.02212e-288
0            283   2.54458e-279
0            284   4.12792e-270
0            285   8.17863e-261
0            286    2.0374e-251
0            287   6.32156e-242
0            288   2.47044e-232
0            289   1.19619e-222
0            290   6.70637e-213
0            291   4.05233e-203
0            292   2.45955e-193
0            293    1.3641e-183
0            294   6.78682e-174
0            295   2.99078e-164
0            296    1.2044e-154
0            297   4.23649e-145
0            298   1.22934e-135
0            299   2.71664e-126
0            300   3.95604e-117
0            301   3.49105e-108
0            302    1.79526e-99
0            303    5.11192e-91
0            304    7.75576e-83
0            305    6.21634e-75
0            306    2.63732e-67
0            307    5.76627e-60
0            308    6.37375e-53
0            309    3.38639e-46
0            310    8.19664e-40
0            311     8.3157e-34
0            312    3.44846e-28
0            313    5.48674e-23
0            314    3.27006e-18
0            315    6.96305e-14
0            316    5.04292e-10
0            317     1.1815e-06
0            318     0.00084188
0            319       0.159811
0            320        6.47316
0            321        44.2619
0            322        44.2753
0            323        6.48082
0            324       0.160362
0            325    0.000845241
0            326    1.19688e-06
0            327    5.15569e-10
0            328    7.33366e-14
0            329    3.59451e-18
0            330    6.30997e-23
0            331    4.03629e-28
0            332    9.66951e-34
0            333    8.80803e-40
0            334    3.15871e-46
0            335    4.80908e-53
0            336    3.42852e-60
0            337    1.23764e-67
0            338     2.4092e-75
0            339    2.61766e-83
0            340    1.54656e-91
0            341   4.95009e-100
0            342   9.16101e-109
0            343   1.01937e-117
0            344   7.42228e-127
0            345   3.97248e-136
0            346   1.80663e-145
0            347   7.16162e-155
0            348   2.38835e-164
0            349   6.64169e-174
0            350   1.56687e-183
0            351   3.27346e-193
0            352   6.57898e-203
0            353   1.33444e-212
0            354   3.06991e-222
0            355    8.2819e-232
0            356   2.72368e-241
0            357   1.06701e-250
0            358   5.03819e-260
0            359   2.76654e-269
0            360   1.85363e-278
0            361   1.53396e-287
0            362   1.64191e-296
0            363   2.31411e-305
0            364              0
0            365              0
0            366              0
0            367              0
0            368              0
0            369              0
0            370              0
0            371              0
0            372              0
0            373              0
0            374              0
0            375              0
0            376              0
0            377              0
0            378              0
0            379              0
0            380              0
0            381              0
0            382              0
0            383              0
0            384              0
0            385              0
0            386              0
0            387              0
0            388              0
0            389              0
0            390              0
0            391              0
0            392              0
0            393              0
0            394              0
0            395              0
0            396              0
0            397              0
0            398              0
0            399              0
0            400              0
0            401              0
0            402              0
0            403              0
0            404              0
0            405              0
0            406              0
0            407              0
0            408   8.19273e-300
0            409   6.54373e-291
0            410   4.90362e-282
0            411    3.3882e-273
0            412   2.12862e-264
0            413    1.1478e-255
0            414   5.40439e-247
0            415   2.11114e-238
0            416   6.85294e-230
0            417   1.80021e-221
0            418   3.72313e-213
0            419   6.12134e-205
0            420   7.80018e-197
0            421   7.54706e-189
0            422   5.49412e-181
0            423    3.0318e-173
0            424   1.23326e-165
0            425    3.6804e-158
0            426   8.07183e-151
0            427   1.33146e-143
0            428   1.69499e-136
0            429   1.85704e-129
0            430   1.78345e-122
0            431   1.45887e-115
0            432   8.88883e-109
0            433    3.8558e-102
0            434    1.09835e-95
0            435    2.08379e-89
0            436    2.53488e-83
0            437    1.97137e-77
0            438    9.97158e-72
0            439    3.24155e-66
0            440    6.92256e-61
0            441    9.71423e-56
0            442    8.91012e-51
0            443    5.30513e-46
0            444    2.02005e-41
0            445    4.79377e-37
0            446    6.98394e-33
0            447    6.13257e-29
0            448    3.23917e-25
0            449    1.01088e-21
0            450    1.84815e-18
0            451    1.99466e-15
0            452     1.2535e-12
0            453    4.56856e-10
0            454    9.55712e-08
0            455    1.13379e-05
0            456    0.000745314
0            457      0.0260022
0            458       0.454822
0            459        3.72641
0            460         13.536
0            461         20.905
0            462        13.5368
0            463        3.72747
0            464       0.454343
0            465      0.0259779
0            466    0.000745472
0            467    1.13638e-05
0            468    9.57256e-08
0            469    4.57545e-10
0            470    1.26286e-12
0            471     2.0166e-15
0            472    1.89189e-18
0            473    1.03714e-21
0            474    3.33764e-25
0            475    6.41902e-29
0            476    7.27649e-33
0            477    4.99062e-37
0            478    2.05477e-41
0            479     5.2155e-46
0            480    8.15497e-51
0            481    8.14616e-56
0            482    5.17988e-61
0            483    2.15538e-66
0            484    5.87276e-72
0            485    1.04948e-77
0            486    1.22992e-83
0            487    9.58152e-90
0            488    4.92598e-96
0            489   1.69561e-102
0            490   4.06154e-109
0            491   7.29025e-116
0            492   1.05489e-122
0            493   1.32791e-129
0            494   1.42837e-136
0            495   1.20117e-143
0            496   7.64849e-151
0            497   3.49094e-158
0            498   1.17112e-165
0            499   2.88956e-173
0            500   5.29422e-181
0            501    7.1973e-189
0            502   7.29705e-197
0            503   5.76599e-205
0            504    3.4825e-213
0            505    1.6611e-221
0            506   6.25523e-230
0            507   1.88493e-238
0            508   4.67446e-247
0            509    9.4069e-256
0            510   1.58164e-264
0            511   2.25919e-273
0            512     2.811e-282
0            513   3.05872e-291
0            514   2.95593e-300
0            515              0
0            516              0
0            517              0
0            518              0
0            519              0
0            520              0
0            521              0
0            522              0
0            523              0
0            524              0
0            525              0
0            526              0
0            527              0
0            528              0
0            529              0
0            530              0
0            531              0
0            532              0
0            533              0
0            534              0
0            535              0
0            536              0
0            537              0
0            538              0
0            539              0
0            540              0
0            541              0
0            542              0
0            543              0
0            544              0
0            545    2.58391e-37
0            546    4.41349e-37
0            547    6.91213e-37
0            548    1.55305e-36
0            549    4.16162e-36
0            550    3.94416e-36
0            551    1.30936e-36
0            552     2.2554e-37
0            553    8.87744e-40
0            554    1.67108e-18
0            555    2.52691e-18
0            556    3.71711e-18
0            557    6.97656e-18
0            558    1.19968e-17
0            559    7.34439e-18
0            560    1.91452e-18
0            561    3.80412e-19
0            562    1.66608e-21
0            563    0.000375044
0            564    0.000420536
0            565    0.000472271
0            566    0.000550707
0            567    0.000490527
0            568    0.000183806
0            569    3.58297e-05
0            570    4.35317e-06
0            571    1.59782e-08
0            572        405.721
0            573        389.569
0            574         359.66
0            575          271.8
0            576        125.668
0            577        27.2441
0            578        3.87516
0            579       0.346881
0            580     0.00104788
0            581    0.000387698
0            582    0.000430672
0            583    0.000476706
0            584    0.000550108
0            585    0.000489231
0            586    0.000200363
0            587    4.06503e-05
0            588    4.03541e-06
0            589     4.1118e-08
0            590    1.72077e-18
0            591    2.39782e-18
0            592    3.43892e-18
0            593    6.55693e-18
0            594    1.23586e-17
0            595    9.90406e-18
0            596    2.16069e-18
0            597     4.6899e-19
0            598    4.62692e-21
