0              0    1.58334e-30
0              1     5.2638e-28
0              2    1.61445e-25
0              3    4.22358e-23
0              4    9.45805e-21
0              5    1.75064e-18
0              6    2.76405e-16
0              7    3.54516e-14
0              8    3.58567e-12
0              9    2.94808e-10
0             10    1.91009e-08
0             11     9.5508e-07
0             12    3.67971e-05
0             13     0.00105507
0             14      0.0218785
0             15       0.328301
0             16        3.40155
0             17        23.6516
0             18        109.551
0             19        330.967
0             20        647.402
0             21        809.391
0             22        647.268
0             23        329.565
0             24        108.567
0             25        23.2297
0             26        3.25855
0             27       0.309613
0             28       0.020124
0             29    0.000923476
0             30    3.00683e-05
0             31    7.17087e-07
0             32    1.31668e-08
0             33    1.83161e-10
0             34    1.98128e-12
0             35    1.72587e-14
0             36    1.20945e-16
0             37    7.02178e-19
0             38    3.52017e-21
0             39    1.47915e-23
0             40    5.41529e-26
0             41    1.81633e-28
0             42    5.35154e-31
0             43    1.42736e-33
0             44    3.38986e-36
0             45    7.68603e-39
0             46    1.61485e-41
0             47     3.0444e-44
0             48    5.57639e-47
0             49    1.01658e-49
0             50    1.80893e-52
0             51    3.08942e-55
0             52    5.58946e-58
0             53    1.04912e-60
0             54    1.99123e-63
0             55    3.97979e-66
0             56    8.27513e-69
0             57    1.80629e-71
0             58    4.30736e-74
0             59    1.10974e-76
0             60    2.97915e-79
0             61    8.60716e-82
0             62    2.79325e-84
0             63    9.72788e-87
0             64    3.79419e-89
0             65    1.58103e-91
0             66    7.30551e-94
0             67    3.93411e-96
0             68    2.24586e-98
0             69   1.47443e-100
0             70   1.12028e-102
0             71   9.33932e-105
0             72   8.90992e-107
0             73   9.72686e-109
0             74   1.20976e-110
0             75   1.70993e-112
0             76   2.73476e-114
0             77   5.18173e-116
0             78   1.10403e-117
0             79   2.76267e-119
0             80   8.10589e-121
0             81   2.64696e-122
0             82   1.00536e-123
0             83   4.44634e-125
0             84   2.16024e-126
0             85   1.26263e-127
0             86   8.54693e-129
0             87   6.31341e-130
0             88   5.57721e-131
0             89   5.58437e-132
0             90   6.45454e-133
0             91    5.23256e-56
0             92    1.56065e-51
0             93    3.79999e-47
0             94      7.055e-43
0             95    1.00793e-38
0             96    1.03084e-34
0             97    7.74066e-31
0             98    3.97035e-27
0             99    1.38987e-23
0            100    3.26811e-20
0            101    4.97774e-17
0            102    4.78666e-14
0            103    2.84614e-11
0            104    1.02617e-08
0            105    2.17987e-06
0            106    0.000261727
0            107      0.0172515
0            108       0.589422
0            109        9.82583
0            110        76.2461
0            111        264.541
0            112        401.251
0            113        263.792
0            114        76.1588
0            115        9.75932
0            116        0.58252
0            117      0.0168964
0            118    0.000252214
0            119    2.05049e-06
0            120    9.41459e-09
0            121     2.5322e-11
0            122    4.11314e-14
0            123    4.05561e-17
0            124    2.52739e-20
0            125    1.02412e-23
0            126    2.76503e-27
0            127    5.08084e-31
0            128    6.53545e-35
0            129    6.12294e-39
0            130    4.26616e-43
0            131    2.22982e-47
0            132    9.58908e-52
0            133    3.33295e-56
0            134    1.00539e-60
0            135    2.57034e-65
0            136    5.81881e-70
0            137    1.16308e-74
0            138    2.04624e-79
0            139    3.42359e-84
0            140    4.98024e-89
0            141    7.17086e-94
0            142    9.46001e-99
0            143   1.21664e-103
0            144   1.55414e-108
0            145   1.98372e-113
0            146   2.64554e-118
0            147   3.67442e-123
0            148   5.64406e-128
0            149   9.09772e-133
0            150   1.71877e-137
0            151    3.7534e-142
0            152   9.60382e-147
0            153    2.8499e-151
0            154   1.01857e-155
0            155   4.35924e-160
0            156    2.3134e-164
0            157   1.50279e-168
0            158   1.13915e-172
0            159   1.13322e-176
0            160   1.36618e-180
0            161   2.04462e-184
0            162   3.80183e-188
0            163   9.13256e-192
0            164   2.81324e-195
0            165   1.10636e-198
0            166   5.51801e-202
0            167   3.63279e-205
0            168   3.00175e-208
0            169   3.38342e-211
0            170   4.73015e-214
0            171   8.91449e-217
0            172   2.15276e-219
0            173   6.92021e-222
0            174   2.94844e-224
0            175   1.65196e-226
0            176    1.1519e-228
0            177    1.0493e-230
0            178   1.27821e-232
0            179   1.92244e-234
0            180    3.8117e-236
0            181   9.58239e-238
0            182   4.45772e-103
0            183    7.02983e-95
0            184     6.9553e-87
0            185    4.21532e-79
0            186    1.43882e-71
0            187    2.85428e-64
0            188    2.99342e-57
0            189    1.60645e-50
0            190    4.24885e-44
0            191    5.01897e-38
0            192    2.63225e-32
0            193    5.88242e-27
0            194    5.37577e-22
0            195    1.88777e-17
0            196    2.51277e-13
0            197    1.20996e-09
0            198    2.02065e-06
0            199     0.00110848
0            200       0.181127
0            201        7.74075
0            202        77.7521
0            203        169.176
0            204        77.7547
0            205        7.72303
0            206       0.180198
0            207     0.00110102
0            208    1.99666e-06
0            209     1.1905e-09
0            210    2.43697e-13
0            211     1.8104e-17
0            212    5.07549e-22
0            213    5.53373e-27
0            214    2.43072e-32
0            215    4.51792e-38
0            216    3.61023e-44
0            217     1.3573e-50
0            218    2.57742e-57
0            219    2.61662e-64
0            220    1.39965e-71
0            221    4.21513e-79
0            222    7.12346e-87
0            223    6.83498e-95
0            224   4.15418e-103
0            225    1.6077e-111
0            226   4.58164e-120
0            227   1.02316e-128
0            228   1.83118e-137
0            229   2.69544e-146
0            230   3.17588e-155
0            231    3.2904e-164
0            232   2.85138e-173
0            233   2.31893e-182
0            234   1.80791e-191
0            235   1.37445e-200
0            236   1.13163e-209
0            237   9.83555e-219
0            238   9.38956e-228
0            239   1.02346e-236
0            240   1.36123e-245
0            241   2.13735e-254
0            242    4.0887e-263
0            243   1.04591e-271
0            244   3.39004e-280
0            245   1.52845e-288
0            246   9.83691e-297
0            247   8.66938e-305
0            248              0
0            249              0
0            250              0
0            251              0
0            252              0
0            253              0
0            254              0
0            255              0
0            256              0
0            257              0
0            258              0
0            259              0
0            260              0
0            261              0
0            262              0
0            263              0
0            264              0
0            265              0
0            266              0
0            267              0
0            268              0
0            269              0
0            270              0
0            271              0
0            272              0
0            273   1.77428e-195
0            274   7.52034e-180
0            275   1.26332e-164
0            276   8.16461e-150
0            277   1.88475e-135
0            278   1.43114e-121
0            279    3.1385e-108
0            280    1.87034e-95
0            281    2.60935e-83
0            282    7.90071e-72
0            283    4.52943e-61
0            284    4.62202e-51
0            285    7.71029e-42
0            286    2.01687e-33
0            287     7.6879e-26
0            288     4.0794e-19
0            289    2.85925e-13
0            290     2.4686e-08
0            291    0.000239873
0            292       0.223271
0            293        15.5363
0            294        65.5837
0            295        15.5535
0            296       0.223116
0            297    0.000240822
0            298    2.49125e-08
0            299    2.89304e-13
0            300    4.11809e-19
0            301     7.7127e-26
0            302    1.99446e-33
0            303     7.5592e-42
0            304    4.51969e-51
0            305     4.5684e-61
0            306    8.49968e-72
0            307    3.35721e-83
0            308    3.13435e-95
0            309   7.94803e-108
0            310   5.76756e-121
0            311   1.27653e-134
0            312   8.26037e-149
0            313    1.6544e-163
0            314   1.01874e-178
0            315   2.13346e-194
0            316   1.64333e-210
0            317   5.23968e-227
0            318   7.58563e-244
0            319   5.69521e-261
0            320   2.75469e-278
0            321   1.05406e-295
0            322              0
0            323              0
0            324              0
0            325              0
0            326              0
0            327              0
0            328              0
0            329              0
0            330              0
0            331              0
0            332              0
0            333              0
0            334              0
0            335              0
0            336              0
0            337              0
0            338              0
0            339              0
0            340              0
0            341              0
0            342              0
0            343              0
0            344              0
0            345              0
0            346              0
0            347              0
0            348              0
0            349              0
0            350              0
0            351              0
0            352              0
0            353              0
0            354              0
0            355              0
0            356              0
0            357              0
0            358              0
0            359              0
0            360              0
0            361              0
0            362              0
0            363              0
0            364              0
0            365              0
0            366              0
0            367              0
0            368              0
0            369   4.80084e-304
0            370   1.12612e-289
0            371   1.54175e-275
0            372   1.16684e-261
0            373   4.78486e-248
0            374   1.03882e-234
0            375   1.20532e-221
0            376   7.25007e-209
0            377   2.30923e-196
0            378   3.88885e-184
0            379   3.33082e-172
0            380   1.36792e-160
0            381    2.6798e-149
0            382      2.32e-138
0            383   9.11717e-128
0            384   1.56177e-117
0            385   1.11593e-107
0            386    3.40836e-98
0            387     4.2389e-89
0            388     2.1503e-80
0            389    4.29425e-72
0            390    3.37858e-64
0            391    9.99794e-57
0            392    1.12238e-49
0            393    4.60711e-43
0            394     6.8998e-37
0            395     3.7166e-31
0            396    7.10809e-26
0            397    4.75768e-21
0            398    1.11513e-16
0            399    9.04309e-13
0            400    2.49978e-09
0            401    2.30058e-06
0            402    0.000688773
0            403      0.0636121
0            404        1.70845
0            405        12.6478
0            406        24.7618
0            407        12.6464
0            408        1.70879
0            409      0.0636157
0            410    0.000689912
0            411    2.30708e-06
0            412    2.48897e-09
0            413    9.06295e-13
0            414    1.11987e-16
0            415    4.80334e-21
0            416    7.16149e-26
0            417    3.75291e-31
0            418    7.05059e-37
0            419    4.72048e-43
0            420    1.15151e-49
0            421    1.04299e-56
0            422     3.5794e-64
0            423    4.66842e-72
0            424    2.37098e-80
0            425    4.79141e-89
0            426    3.93247e-98
0            427   1.30952e-107
0            428   1.84593e-117
0            429   1.07994e-127
0            430   2.75301e-138
0            431   3.03312e-149
0            432   1.49579e-160
0            433   3.30668e-172
0            434   3.47444e-184
0            435   1.70112e-196
0            436   4.11892e-209
0            437   5.24243e-222
0            438   3.40701e-235
0            439   1.23856e-248
0            440   2.50208e-262
0            441   2.94325e-276
0            442   2.06165e-290
0            443   8.34236e-305
0            444              0
0            445              0
0            446              0
0            447              0
0            448              0
0            449              0
0            450              0
0            451              0
0            452              0
0            453              0
0            454              0
0            455              0
0            456              0
0            457              0
0            458              0
0            459              0
0            460              0
0            461              0
0            462              0
0            463              0
0            464              0
0            465              0
0            466              0
0            467              0
0            468              0
0            469              0
0            470              0
0            471              0
0            472              0
0            473              0
0            474              0
0            475              0
0            476              0
0            477              0
0            478              0
0            479              0
0            480              0
0            481              0
0            482              0
0            483              0
0            484              0
0            485              0
0            486              0
0            487              0
0            488              0
0            489              0
0            490              0
0            491              0
0            492              0
0            493              0
0            494              0
0            495              0
0            496              0
0            497              0
0            498              0
0            499              0
0            500              0
0            501              0
0            502              0
0            503              0
0            504              0
0            505              0
0            506              0
0            507              0
0            508              0
0            509              0
0            510              0
0            511              0
0            512              0
0            513              0
0            514              0
0            515              0
0            516              0
0            517              0
0            518              0
0            519              0
0            520              0
0            521              0
0            522              0
0            523              0
0            524              0
0            525              0
0            526              0
0            527              0
0            528              0
0            529              0
0            530              0
0            531              0
0            532              0
0            533              0
0            534              0
0            535              0
0            536              0
0            537              0
0            538              0
0            539              0
0            540              0
0            541              0
0            542              0
0            543              0
0            544              0
0            545     1.9299e-05
0            546    2.18524e-05
0            547    2.43354e-05
0            548    2.60305e-05
0            549    1.62867e-05
0            550    2.85965e-06
0            551    2.19809e-07
0            552     3.2649e-09
0            553    1.46689e-21
0            554    9.20018e-26
0            555    1.25534e-25
0            556    1.78219e-25
0            557    2.65704e-25
0            558    2.46955e-25
0            559    3.29171e-26
0            560    1.00808e-27
0            561    2.21605e-30
0            562    7.33346e-40
0            563    3.03887e-54
0            564    4.11989e-54
0            565    5.87168e-54
0            566    9.87453e-54
0            567    7.53239e-54
0            568    6.07501e-55
0            569    4.54964e-57
0            570      1.227e-60
0            571     3.3613e-67
0            572    2.12001e-87
0            573    3.78279e-87
0            574    1.31289e-86
0            575    2.72221e-86
0            576    5.77043e-87
0            577    3.05252e-88
0            578     1.0472e-90
0            579    1.71516e-94
0            580   1.43533e-100
0            581    1.2254e-121
0            582   2.29135e-121
0            583    9.6015e-121
0            584   4.29204e-120
0            585   1.25816e-120
0            586   7.60862e-123
0            587   1.05383e-125
0            588   4.49295e-129
0            589   8.73942e-137
0            590   5.27699e-154
0            591   9.19378e-154
0            592   1.64648e-153
0            593   9.72878e-153
0            594    3.5107e-153
0            595   7.39138e-156
0            596   1.81499e-159
0            597   1.87538e-162
0            598   5.19445e-171
