0              0    2.71609e-19
0              1    7.33736e-18
0              2    1.93991e-16
0              3    4.82422e-15
0              4    1.13631e-13
0              5    2.49459e-12
0              6    5.21361e-11
0              7    1.00762e-09
0              8    1.76294e-08
0              9    2.83215e-07
0             10    4.07761e-06
0             11    5.16984e-05
0             12    0.000575751
0             13     0.00550812
0             14       0.044466
0             15       0.303829
0             16        1.70353
0             17        7.68073
0             18        27.6941
0             19         78.496
0             20        173.827
0             21        296.429
0             22        388.072
0             23        388.808
0             24         297.95
0             25        175.006
0             26        78.9472
0             27          27.72
0             28        7.61296
0             29         1.6615
0             30       0.289312
0             31      0.0409664
0             32     0.00486466
0             33    0.000483121
0             34    4.09253e-05
0             35    3.03213e-06
0             36    1.97438e-07
0             37     1.1515e-08
0             38    6.16499e-10
0             39    2.98384e-11
0             40    1.33215e-12
0             41    5.65337e-14
0             42    2.23468e-15
0             43    8.37113e-17
0             44     2.9559e-18
0             45    1.02487e-19
0             46    3.43617e-21
0             47    1.09506e-22
0             48    3.46259e-24
0             49     1.0969e-25
0             50    3.45188e-27
0             51    1.06695e-28
0             52    3.41271e-30
0             53    1.12476e-31
0             54    3.78234e-33
0             55    1.33425e-34
0             56    4.94186e-36
0             57    1.93136e-37
0             58    8.10837e-39
0             59    3.62486e-40
0             60       1.68e-41
0             61     8.1641e-43
0             62    4.21927e-44
0             63    2.25812e-45
0             64    1.27245e-46
0             65    7.36593e-48
0             66    4.46147e-49
0             67    2.88355e-50
0             68    1.90137e-51
0             69    1.33472e-52
0             70    9.95364e-54
0             71    7.71002e-55
0             72    6.34125e-56
0             73    5.52502e-57
0             74    5.10146e-58
0             75    4.97527e-59
0             76    5.12724e-60
0             77    5.71772e-61
0             78     6.7198e-62
0             79    8.49511e-63
0             80    1.15698e-63
0             81    1.65704e-64
0             82    2.54771e-65
0             83    4.21638e-66
0             84    7.29564e-67
0             85    1.37678e-67
0             86    2.79511e-68
0             87    5.92597e-69
0             88    1.36858e-69
0             89    3.35761e-70
0             90    8.85573e-71
0             91     2.7171e-32
0             92    5.93901e-30
0             93    1.19088e-27
0             94    2.09417e-25
0             95    3.23194e-23
0             96    4.22743e-21
0             97    4.77617e-19
0             98    4.53787e-17
0             99    3.68539e-15
0            100    2.58508e-13
0            101    1.56003e-11
0            102    8.04682e-10
0            103    3.50178e-08
0            104    1.26174e-06
0            105    3.66969e-05
0            106    0.000834083
0            107      0.0145142
0            108       0.186233
0            109        1.68893
0            110        10.4288
0            111        42.2288
0            112        108.986
0            113        176.202
0            114        176.415
0            115        109.308
0            116        42.3399
0            117          10.42
0            118        1.67511
0            119       0.182597
0            120      0.0140118
0            121    0.000789633
0            122    3.38951e-05
0            123    1.12757e-06
0            124    2.98637e-08
0            125    6.41527e-10
0            126    1.13263e-11
0            127    1.66365e-13
0            128    2.05919e-15
0            129    2.18292e-17
0            130    1.98968e-19
0            131    1.55524e-21
0            132    1.08448e-23
0            133    6.68299e-26
0            134    3.81062e-28
0            135    2.01977e-30
0            136    1.04113e-32
0            137    5.32138e-35
0            138     2.7286e-37
0            139    1.45765e-39
0            140    7.75094e-42
0            141    4.29069e-44
0            142    2.35716e-46
0            143    1.30706e-48
0            144    7.27666e-51
0            145    4.03957e-53
0            146    2.26354e-55
0            147    1.27335e-57
0            148     7.3317e-60
0            149    4.22153e-62
0            150    2.53413e-64
0            151    1.57967e-66
0            152    1.02688e-68
0            153    6.95316e-71
0            154    5.00382e-73
0            155    3.83274e-75
0            156    3.18843e-77
0            157    2.87869e-79
0            158    2.76843e-81
0            159    3.00402e-83
0            160    3.54378e-85
0            161    4.61808e-87
0            162    6.64604e-89
0            163    1.07485e-90
0            164    1.94821e-92
0            165    3.94518e-94
0            166    8.90098e-96
0            167    2.27325e-97
0            168    6.41847e-99
0            169   2.07294e-100
0            170   7.36514e-102
0            171   2.97352e-103
0            172   1.33581e-104
0            173   6.77853e-106
0            174   3.88217e-107
0            175   2.49997e-108
0            176   1.76914e-109
0            177   1.40867e-110
0            178    1.2701e-111
0            179   1.26175e-112
0            180   1.41468e-113
0            181   1.76838e-114
0            182    1.00461e-53
0            183    4.34452e-50
0            184     1.8491e-46
0            185     7.6423e-43
0            186    2.79209e-39
0            187    8.61965e-36
0            188    2.07818e-32
0            189    3.82547e-29
0            190    5.33515e-26
0            191    5.47145e-23
0            192    4.19424e-20
0            193    2.39176e-17
0            194    1.00346e-14
0            195    3.00986e-12
0            196    6.40363e-10
0            197    9.37055e-08
0            198     9.1449e-06
0            199    0.000575483
0            200      0.0221568
0            201       0.481704
0            202        5.42737
0            203        28.8616
0            204        67.6987
0            205         67.706
0            206        28.8533
0            207        5.41442
0            208       0.478409
0            209      0.0218568
0            210    0.000563003
0            211    8.86736e-06
0            212    8.99917e-08
0            213    6.07061e-10
0            214    2.79099e-12
0            215     8.9557e-15
0            216    2.01125e-17
0            217    3.25584e-20
0            218     3.8787e-23
0            219    3.48265e-26
0            220    2.37469e-29
0            221    1.29288e-32
0            222    5.69761e-36
0            223    2.04626e-39
0            224    6.21716e-43
0            225    1.57754e-46
0            226    3.52391e-50
0            227     7.1502e-54
0            228    1.35962e-57
0            229    2.48533e-61
0            230    4.31091e-65
0            231    7.25859e-69
0            232    1.14149e-72
0            233     1.7364e-76
0            234     2.5633e-80
0            235    3.70167e-84
0            236    5.49747e-88
0            237    8.37489e-92
0            238    1.33906e-95
0            239    2.28879e-99
0            240   4.29098e-103
0            241    8.6551e-107
0            242   1.89024e-110
0            243   4.59452e-114
0            244   1.21278e-117
0            245   3.58317e-121
0            246   1.19662e-124
0            247    4.4412e-128
0            248   1.88965e-131
0            249   9.34698e-135
0            250   5.28275e-138
0            251   3.51287e-141
0            252   2.74836e-144
0            253    2.5652e-147
0            254   2.84675e-150
0            255   3.74955e-153
0            256   6.04487e-156
0            257   1.16877e-158
0            258   2.79616e-161
0            259    8.1083e-164
0            260   2.89078e-166
0            261   1.26036e-168
0            262   6.81729e-171
0            263   4.55766e-173
0            264   3.75194e-175
0            265   3.77241e-177
0            266   4.71371e-179
0            267   7.27324e-181
0            268   1.37559e-182
0            269   3.19463e-184
0            270   8.98164e-186
0            271   3.06504e-187
0            272   1.28197e-188
0            273    3.49503e-89
0            274    4.17807e-83
0            275    3.94073e-77
0            276    2.83254e-71
0            277    1.47392e-65
0            278    5.42095e-60
0            279    1.41488e-54
0            280    2.80807e-49
0            281    4.31451e-44
0            282    4.92176e-39
0            283    3.61418e-34
0            284    1.53903e-29
0            285    3.51383e-25
0            286    4.19262e-21
0            287    2.55913e-17
0            288    7.96784e-14
0            289    1.24811e-10
0            290    9.50653e-08
0            291    3.36803e-05
0            292     0.00517866
0            293       0.299554
0            294        5.30396
0            295        23.6486
0            296        23.6604
0            297         5.3089
0            298        0.29954
0            299     0.00516385
0            300    3.34215e-05
0            301    9.37579e-08
0            302    1.22401e-10
0            303    7.77855e-14
0            304    2.48244e-17
0            305    4.00853e-21
0            306    3.26339e-25
0            307    1.36555e-29
0            308    3.04909e-34
0            309    4.10541e-39
0            310    3.94815e-44
0            311    3.08317e-49
0            312    1.83114e-54
0            313    7.68968e-60
0            314    2.14463e-65
0            315    3.98122e-71
0            316    4.98544e-77
0            317    4.35975e-83
0            318    2.74182e-89
0            319    1.29054e-95
0            320   4.78204e-102
0            321   1.44481e-108
0            322    3.6999e-115
0            323   8.37988e-122
0            324   1.72314e-128
0            325   3.25047e-135
0            326   5.93711e-142
0            327   1.03394e-148
0            328   1.81767e-155
0            329     3.306e-162
0            330   6.28813e-169
0            331   1.28461e-175
0            332   2.95966e-182
0            333   7.87082e-189
0            334   2.47746e-195
0            335   9.62395e-202
0            336   4.83029e-208
0            337   3.17034e-214
0            338   2.78064e-220
0            339   3.52288e-226
0            340   6.50512e-232
0            341   1.81919e-237
0            342   7.90141e-243
0            343   5.02755e-248
0            344   4.48579e-253
0            345   5.28129e-258
0            346   8.27572e-263
0            347   1.71712e-267
0            348    4.6748e-272
0            349   1.68131e-276
0            350   8.04349e-281
0            351   5.15526e-285
0            352   4.47556e-289
0            353   5.17123e-293
0            354   8.21469e-297
0            355   1.76134e-300
0            356   5.10795e-304
0            357   2.00826e-307
0            358              0
0            359              0
0            360              0
0            361              0
0            362              0
0            363              0
0            364   5.68447e-155
0            365   1.49219e-149
0            366   3.38187e-144
0            367    6.5148e-139
0            368   1.06361e-133
0            369   1.44497e-128
0            370   1.66831e-123
0            371   1.63357e-118
0            372   1.37978e-113
0            373   1.07732e-108
0            374      8.52e-104
0            375    7.12786e-99
0            376    5.77934e-94
0            377    4.11208e-89
0            378    2.40342e-84
0            379    1.10937e-79
0            380    3.93986e-75
0            381    1.07894e-70
0            382     2.2213e-66
0            383    3.48934e-62
0            384    4.13479e-58
0            385    3.65759e-54
0            386    2.46812e-50
0            387    1.26765e-46
0            388    5.07016e-43
0            389    1.58721e-39
0            390    3.92776e-36
0            391    7.49304e-33
0            392    1.08969e-29
0            393     1.1692e-26
0            394    9.13858e-24
0            395    5.13757e-21
0            396    2.06148e-18
0            397    5.86941e-16
0            398    1.18878e-13
0            399    1.70663e-11
0            400    1.72835e-09
0            401     1.2247e-07
0            402    6.05258e-06
0            403    0.000204756
0            404     0.00461102
0            405      0.0663878
0            406       0.575934
0            407        2.84603
0            408        7.58601
0            409        10.5573
0            410        7.58541
0            411        2.84529
0            412       0.575537
0            413      0.0662842
0            414     0.00459677
0            415    0.000203655
0            416    6.00215e-06
0            417    1.21041e-07
0            418    1.70252e-09
0            419    1.67647e-11
0            420    1.16596e-13
0            421    5.76017e-16
0            422    2.03147e-18
0            423    5.11222e-21
0            424    9.26113e-24
0            425    1.22207e-26
0            426     1.1958e-29
0            427    8.83362e-33
0            428    5.09868e-36
0            429    2.31258e-39
0            430    8.34624e-43
0            431    2.34354e-46
0            432    5.06002e-50
0            433    8.20438e-54
0            434    1.00333e-57
0            435    9.07978e-62
0            436    6.15627e-66
0            437    3.16659e-70
0            438    1.21816e-74
0            439    3.59279e-79
0            440    8.09276e-84
0            441    1.42325e-88
0            442    2.01643e-93
0            443    2.42908e-98
0            444    2.7425e-103
0            445   3.27503e-108
0            446   4.10548e-113
0            447   4.90661e-118
0            448   5.12327e-123
0            449   4.55064e-128
0            450   3.43471e-133
0            451   2.15574e-138
0            452   1.14582e-143
0            453   5.17338e-149
0            454   2.01553e-154
0            455   6.77882e-160
0            456   1.98227e-165
0            457   5.08784e-171
0            458   1.15048e-176
0            459   2.34544e-182
0            460   4.25975e-188
0            461   6.95858e-194
0            462   1.05105e-199
0            463   1.44776e-205
0            464   1.85102e-211
0            465   2.21302e-217
0            466   2.49061e-223
0            467   2.65815e-229
0            468    2.6994e-235
0            469   2.64626e-241
0            470   2.53167e-247
0            471   2.35373e-253
0            472   2.16636e-259
0            473   1.98023e-265
0            474   1.78182e-271
0            475   1.64735e-277
0            476   1.50779e-283
0            477   1.44992e-289
0            478    1.3994e-295
0            479   1.42191e-301
0            480   1.47319e-307
0            481              0
0            482              0
0            483              0
0            484              0
0            485              0
0            486              0
0            487              0
0            488              0
0            489              0
0            490              0
0            491              0
0            492              0
0            493              0
0            494              0
0            495              0
0            496              0
0            497              0
0            498              0
0            499              0
0            500              0
0            501              0
0            502              0
0            503              0
0            504              0
0            505              0
0            506              0
0            507              0
0            508              0
0            509              0
0            510              0
0            511              0
0            512              0
0            513              0
0            514              0
0            515              0
0            516              0
0            517              0
0            518              0
0            519              0
0            520              0
0            521              0
0            522              0
0            523              0
0            524              0
0            525              0
0            526              0
0            527              0
0            528              0
0            529              0
0            530              0
0            531              0
0            532              0
0            533              0
0            534              0
0            535              0
0            536              0
0            537              0
0            538              0
0            539              0
0            540              0
0            541              0
0            542              0
0            543              0
0            544              0
0            545        0.56968
0            546        0.57745
0            547       0.577785
0            548       0.539813
0            549       0.373296
0            550       0.134535
0            551      0.0327058
0            552     0.00494795
0            553    0.000267821
0            554    5.89335e-11
0            555    6.99075e-11
0            556    8.76411e-11
0            557    1.26007e-10
0            558    1.68509e-10
0            559    1.34871e-10
0            560    7.33759e-11
0            561    1.12496e-11
0            562    8.94153e-13
0            563    6.97893e-25
0            564    7.27847e-25
0            565     8.6878e-25
0            566    1.40537e-24
0            567    5.50086e-24
0            568    5.87563e-24
0            569    6.54109e-24
0            570    1.16149e-24
0            571    1.81824e-25
0            572    3.49979e-41
0            573     4.9436e-41
0            574    1.05752e-40
0            575    3.32546e-40
0            576    8.52448e-40
0            577    2.06751e-39
0            578    1.97333e-39
0            579    8.56361e-40
0            580    1.41582e-40
0            581    4.14059e-57
0            582    5.55142e-57
0            583    1.68198e-56
0            584    4.80602e-56
0            585    9.69845e-56
0            586    3.36078e-55
0            587    5.04558e-55
0            588    3.41655e-55
0            589    4.78355e-56
0            590    1.15884e-72
0            591    1.48183e-72
0            592     5.8297e-72
0            593    1.87955e-71
0            594    6.14076e-71
0            595    2.87159e-70
0            596    5.84029e-70
0            597    5.77143e-70
0            598    2.83095e-70
