0              0    8.96428e-32
0              1    5.79384e-31
0              2    3.92257e-30
0              3     2.7262e-29
0              4    1.96646e-28
0              5    1.44386e-27
0              6    1.10125e-26
0              7    8.64776e-26
0              8    6.85463e-25
0              9    5.59806e-24
0             10    4.67047e-23
0             11    3.94362e-22
0             12    3.41106e-21
0             13    3.00185e-20
0             14    2.66488e-19
0             15    2.43782e-18
0             16    2.25697e-17
0             17    2.09964e-16
0             18    1.97822e-15
0             19    1.87108e-14
0             20    1.78577e-13
0             21    1.68195e-12
0             22    1.56564e-11
0             23    1.45285e-10
0             24    1.29041e-09
0             25     1.1184e-08
0             26    9.35825e-08
0             27     7.4012e-07
0             28      5.569e-06
0             29    3.92176e-05
0             30    0.000259482
0             31     0.00158355
0             32     0.00872968
0             33      0.0436532
0             34         0.1956
0             35       0.772105
0             36         2.6676
0             37        7.98861
0             38        20.4751
0             39        44.8929
0             40        83.4917
0             41        130.317
0             42        170.744
0             43        187.247
0             44        171.461
0             45        131.411
0             46        84.4742
0             47        45.4857
0             48         20.732
0             49        8.05283
0             50        2.68553
0             51       0.769096
0             52         0.1933
0             53      0.0431593
0             54     0.00856363
0             55     0.00153837
0             56    0.000253158
0             57     3.8441e-05
0             58    5.48891e-06
0             59    7.44908e-07
0             60    9.53322e-08
0             61    1.17448e-08
0             62    1.41747e-09
0             63    1.66319e-10
0             64    1.92452e-11
0             65     2.1698e-12
0             66    2.42023e-13
0             67    2.68118e-14
0             68     2.8678e-15
0             69    3.06253e-16
0             70    3.22282e-17
0             71      3.321e-18
0             72    3.42339e-19
0             73    3.52041e-20
0             74    3.65632e-21
0             75    3.83249e-22
0             76    4.11283e-23
0             77    4.64159e-24
0             78     5.4251e-25
0             79    6.65782e-26
0             80    8.63512e-27
0             81    1.16631e-27
0             82    1.65032e-28
0             83    2.45293e-29
0             84    3.73826e-30
0             85    5.93218e-31
0             86      9.835e-32
0             87    1.66709e-32
0             88    2.93824e-33
0             89    5.31998e-34
0             90    1.00643e-34
0             91    1.80552e-48
0             92     2.7411e-47
0             93    4.37896e-46
0             94     7.3436e-45
0             95    1.30275e-43
0             96    2.43619e-42
0             97    4.85656e-41
0             98    1.01019e-39
0             99     2.2059e-38
0            100    5.04433e-37
0            101    1.19663e-35
0            102    2.91718e-34
0            103    7.31856e-33
0            104    1.87426e-31
0            105    4.92754e-30
0            106    1.31114e-28
0            107    3.56146e-27
0            108    9.77128e-26
0            109    2.67999e-24
0            110    7.30674e-23
0            111    1.95895e-21
0            112    5.10225e-20
0            113    1.29543e-18
0            114    3.13784e-17
0            115    7.46427e-16
0            116    1.69721e-14
0            117    3.71814e-13
0            118    7.78286e-12
0            119    1.53164e-10
0            120    2.80486e-09
0            121    4.69158e-08
0            122    7.07698e-07
0            123     9.5535e-06
0            124    0.000113601
0            125      0.0011633
0            126      0.0101333
0            127       0.073406
0            128       0.433035
0            129        2.02931
0            130        7.41437
0            131        20.7601
0            132        43.6931
0            133        68.7172
0            134        79.9539
0            135        68.7626
0            136        43.7892
0            137        20.7832
0            138        7.42136
0            139        2.03495
0            140       0.432454
0            141      0.0735623
0            142       0.010117
0            143     0.00116036
0            144    0.000112995
0            145    9.48646e-06
0            146    7.00598e-07
0            147    4.60794e-08
0            148    2.74009e-09
0            149    1.47654e-10
0            150    7.34348e-12
0            151     3.4051e-13
0            152    1.47749e-14
0            153    6.05474e-16
0            154    2.38209e-17
0            155    9.06334e-19
0            156    3.38842e-20
0            157    1.25711e-21
0            158    4.61258e-23
0            159    1.73581e-24
0            160    6.54089e-26
0            161    2.52498e-27
0            162    9.92067e-29
0            163    3.98413e-30
0            164    1.63426e-31
0            165    6.81016e-33
0            166    2.88519e-34
0            167    1.24966e-35
0            168    5.47434e-37
0            169    2.46501e-38
0            170    1.13383e-39
0            171     5.3899e-41
0            172     2.6412e-42
0            173    1.34587e-43
0            174     7.1756e-45
0            175    4.00128e-46
0            176    2.31221e-47
0            177    1.41406e-48
0            178    9.09182e-50
0            179    6.16303e-51
0            180    4.40774e-52
0            181    3.34027e-53
0            182    2.94037e-74
0            183    2.10828e-72
0            184    1.61168e-70
0            185    1.30606e-68
0            186    1.10308e-66
0            187    9.82708e-65
0            188    9.09027e-63
0            189    8.74857e-61
0            190    8.78539e-59
0            191    9.04969e-57
0            192    9.67096e-55
0            193    1.07432e-52
0            194    1.24326e-50
0            195    1.48357e-48
0            196    1.83754e-46
0            197    2.33208e-44
0            198    3.01196e-42
0            199    3.91827e-40
0            200    5.13519e-38
0            201    6.74609e-36
0            202    9.09767e-34
0            203    1.27561e-31
0            204    1.85016e-29
0            205    2.72299e-27
0            206    3.82147e-25
0            207    4.93894e-23
0            208    5.64931e-21
0            209    5.55572e-19
0            210    4.70875e-17
0            211    3.42014e-15
0            212    2.13116e-13
0            213    1.15111e-11
0            214    5.34146e-10
0            215    2.09277e-08
0            216    6.83413e-07
0            217     1.8017e-05
0            218    0.000373594
0            219     0.00591616
0            220      0.0694047
0            221       0.571158
0            222        3.14407
0            223        11.0547
0            224        23.8414
0            225        30.9086
0            226        23.8591
0            227        11.0555
0            228        3.14642
0            229       0.571066
0            230      0.0691274
0            231     0.00591382
0            232    0.000370624
0            233     1.7785e-05
0            234    6.69261e-07
0            235    2.01039e-08
0            236    4.97774e-10
0            237    1.02566e-11
0            238    1.78846e-13
0            239    2.67499e-15
0            240    3.49807e-17
0            241    3.99998e-19
0            242    4.07248e-21
0            243    3.79649e-23
0            244    3.30742e-25
0            245    2.79361e-27
0            246    2.36834e-29
0            247    2.03898e-31
0            248    1.82759e-33
0            249    1.72375e-35
0            250    1.67796e-37
0            251    1.67561e-39
0            252    1.66509e-41
0            253    1.62717e-43
0            254    1.55445e-45
0            255    1.43632e-47
0            256    1.30123e-49
0            257    1.15768e-51
0            258    1.02194e-53
0            259    8.98568e-56
0            260    7.97668e-58
0            261    7.13599e-60
0            262    6.55129e-62
0            263    6.21652e-64
0            264    6.14028e-66
0            265    6.29461e-68
0            266    6.85553e-70
0            267    7.94481e-72
0            268    9.80567e-74
0            269    1.31029e-75
0            270    1.87574e-77
0            271    2.92344e-79
0            272    4.99332e-81
0            273   3.11359e-117
0            274     3.356e-114
0            275   4.44205e-111
0            276   6.94022e-108
0            277   1.22581e-104
0            278   2.39552e-101
0            279    5.01977e-98
0            280    1.12598e-94
0            281    2.64104e-91
0            282    6.39808e-88
0            283    1.56605e-84
0            284    3.85708e-81
0            285    9.31444e-78
0            286    2.19514e-74
0            287    4.93577e-71
0            288    1.04354e-67
0            289    2.04669e-64
0            290      3.672e-61
0            291     6.0137e-58
0            292    9.12671e-55
0            293    1.32247e-51
0            294    1.94511e-48
0            295    2.99554e-45
0            296    4.62266e-42
0            297    6.47817e-39
0            298    7.80353e-36
0            299    7.98616e-33
0            300    6.94201e-30
0            301    5.20373e-27
0            302    3.39771e-24
0            303    1.88428e-21
0            304    8.48113e-19
0            305    2.97486e-16
0            306    7.87785e-14
0            307    1.52537e-11
0            308    2.11757e-09
0            309    2.05846e-07
0            310    1.36936e-05
0            311    0.000598552
0            312      0.0163748
0            313       0.255427
0            314        2.03663
0            315        7.43865
0            316         11.552
0            317        7.43625
0            318        2.03588
0            319       0.255231
0            320      0.0163306
0            321    0.000596115
0            322    1.35815e-05
0            323    2.04994e-07
0            324     2.1383e-09
0            325    1.58718e-11
0            326    8.72914e-14
0            327    3.60862e-16
0            328    1.14074e-18
0            329    2.73646e-21
0            330    4.94832e-24
0            331    6.72974e-27
0            332    7.03881e-30
0            333    5.82557e-33
0            334     3.9909e-36
0            335    2.42814e-39
0            336    1.44186e-42
0            337    9.18969e-46
0            338    6.56021e-49
0            339    4.97133e-52
0            340    3.62769e-55
0            341    2.41189e-58
0            342    1.45718e-61
0            343    7.97111e-65
0            344    3.98445e-68
0            345    1.83815e-71
0            346    8.02543e-75
0            347    3.35662e-78
0            348    1.36157e-81
0            349    5.45548e-85
0            350    2.19282e-88
0            351    8.98121e-92
0            352    3.83504e-95
0            353     1.7154e-98
0            354   8.28845e-102
0            355    4.3644e-105
0            356   2.58587e-108
0            357   1.78188e-111
0            358   1.49513e-114
0            359   1.55664e-117
0            360   2.05144e-120
0            361   3.34084e-123
0            362   6.55286e-126
0            363   1.50203e-128
0            364   2.03866e-183
0            365   3.76463e-181
0            366   7.21035e-179
0            367   1.42217e-176
0            368   2.88803e-174
0            369   5.99338e-172
0            370   1.28393e-169
0            371   2.81893e-167
0            372   6.31656e-165
0            373   1.43982e-162
0            374   3.33628e-160
0            375   7.87977e-158
0            376   1.87774e-155
0            377   4.52677e-153
0            378    1.1034e-150
0            379   2.70899e-148
0            380   6.65344e-146
0            381   1.64442e-143
0            382   4.03784e-141
0            383   9.97311e-139
0            384    2.4571e-136
0            385   6.01596e-134
0            386   1.48276e-131
0            387   3.71411e-129
0            388   9.78373e-127
0            389   2.87089e-124
0            390   1.00916e-121
0            391   4.30966e-119
0            392   2.14618e-116
0            393   1.15334e-113
0            394   6.41136e-111
0            395   3.58955e-108
0            396   1.99903e-105
0            397   1.10593e-102
0            398   6.14193e-100
0            399    3.46271e-97
0            400    2.01926e-94
0            401    1.23385e-91
0            402    7.99993e-89
0            403    5.38795e-86
0            404    3.65985e-83
0            405    2.44426e-80
0            406    1.55694e-77
0            407    9.40632e-75
0            408    5.27072e-72
0            409    2.72397e-69
0            410    1.29671e-66
0            411    5.65835e-64
0            412    2.25955e-61
0            413    8.15444e-59
0            414     2.6863e-56
0            415    8.00682e-54
0            416    2.17145e-51
0            417    5.35042e-49
0            418    1.19493e-46
0            419    2.43838e-44
0            420    4.53252e-42
0            421    7.65489e-40
0            422    1.17256e-37
0            423    1.63182e-35
0            424    2.04668e-33
0            425    2.30499e-31
0            426    2.32367e-29
0            427    2.09603e-27
0            428    1.67832e-25
0            429    1.19977e-23
0            430    7.58942e-22
0            431    4.27012e-20
0            432    2.12264e-18
0            433     9.3746e-17
0            434    3.64036e-15
0            435    1.24837e-13
0            436    3.73843e-12
0            437     9.7112e-11
0            438     2.1834e-09
0            439    4.20072e-08
0            440    6.89038e-07
0            441    9.54586e-06
0            442    0.000110503
0            443     0.00105533
0            444     0.00816307
0            445      0.0497856
0            446       0.232346
0            447       0.802859
0            448        1.99527
0            449        3.47899
0            450        4.19428
0            451         3.4794
0            452        1.99578
0            453       0.803389
0            454       0.232505
0            455      0.0498304
0            456     0.00816557
0            457      0.0010559
0            458    0.000110512
0            459    9.57374e-06
0            460     6.9311e-07
0            461    4.23773e-08
0            462    2.21102e-09
0            463    9.87696e-11
0            464    3.80274e-12
0            465    1.26671e-13
0            466    3.67413e-15
0            467    9.30839e-17
0            468    2.06613e-18
0            469    4.04222e-20
0            470    7.01939e-22
0            471    1.08228e-23
0            472     1.4962e-25
0            473    1.84888e-27
0            474    2.04487e-29
0            475    2.04066e-31
0            476    1.81842e-33
0            477    1.46345e-35
0            478     1.0554e-37
0            479    6.88797e-40
0            480    4.04639e-42
0            481    2.16461e-44
0            482    1.04646e-46
0            483     4.6066e-49
0            484    1.84194e-51
0            485    6.68512e-54
0            486    2.20142e-56
0            487    6.61834e-59
0            488    1.80866e-61
0            489    4.50079e-64
0            490    1.02608e-66
0            491    2.16267e-69
0            492    4.21247e-72
0            493    7.69384e-75
0            494     1.3418e-77
0            495    2.26751e-80
0            496    3.84557e-83
0            497     6.6234e-86
0            498    1.18716e-88
0            499    2.20295e-91
0            500    4.16791e-94
0            501    7.85922e-97
0            502     1.4536e-99
0            503   2.64516e-102
0            504   4.67324e-105
0            505   8.08325e-108
0            506   1.37139e-110
0            507   2.31165e-113
0            508   3.98535e-116
0            509   7.26594e-119
0            510   1.49211e-121
0            511   3.61799e-124
0            512   1.03543e-126
0            513   3.32745e-129
0            514    1.1437e-131
0            515   4.08389e-134
0            516   1.49431e-136
0            517   5.53555e-139
0            518   2.08527e-141
0            519   7.92319e-144
0            520   3.05551e-146
0            521   1.19178e-148
0            522   4.70155e-151
0            523   1.87836e-153
0            524   7.62627e-156
0            525   3.12924e-158
0            526   1.30374e-160
0            527    5.5751e-163
0            528   2.41302e-165
0            529   1.07122e-167
0            530   4.84554e-170
0            531   2.24857e-172
0            532   1.07394e-174
0            533   5.28016e-177
0            534   2.66289e-179
0            535    1.3924e-181
0            536   7.52191e-184
0            537   4.19631e-186
0            538   2.42797e-188
0            539   1.46118e-190
0            540   9.21223e-193
0            541   6.02121e-195
0            542   4.10734e-197
0            543   2.92392e-199
0            544   2.18771e-201
0            545    2.59907e-11
0            546    2.97015e-11
0            547    3.48683e-11
0            548     4.5514e-11
0            549    5.70095e-11
0            550    5.16039e-11
0            551    3.16357e-11
0            552    1.62548e-11
0            553    3.70665e-12
0            554     0.00334529
0            555     0.00340647
0            556     0.00349927
0            557     0.00355982
0            558      0.0031478
0            559     0.00173901
0            560    0.000661134
0            561    0.000182413
0            562     1.9417e-05
0            563        61.0524
0            564        59.4931
0            565        56.8557
0            566        47.6947
0            567        28.1342
0            568        9.89148
0            569         2.7459
0            570       0.527212
0            571      0.0477403
0            572       0.983449
0            573       0.980481
0            574       0.965306
0            575       0.879829
0            576       0.617282
0            577       0.269018
0            578      0.0865205
0            579      0.0186458
0            580      0.0017844
0            581    1.54069e-07
0            582    1.65973e-07
0            583    1.81513e-07
0            584    2.13388e-07
0            585    2.29875e-07
0            586    1.76352e-07
0            587    8.43376e-08
0            588    2.40376e-08
0            589    3.09268e-09
0            590    8.45311e-17
0            591    9.88077e-17
0            592      1.208e-16
0            593    1.59918e-16
0            594    2.17323e-16
0            595    2.55589e-16
0            596    2.13528e-16
0            597     1.0963e-16
0            598    2.36752e-17
