0              0    1.47315e-79
0              1    5.23183e-76
0              2    1.99597e-72
0              3    7.31759e-69
0              4     2.6325e-65
0              5     8.5533e-62
0              6    2.67441e-58
0              7    7.57825e-55
0              8    1.80643e-51
0              9    3.84657e-48
0             10    6.97428e-45
0             11    1.03583e-41
0             12    1.28599e-38
0             13    1.28137e-35
0             14    9.94265e-33
0             15    6.35294e-30
0             16    3.21339e-27
0             17    1.30684e-24
0             18    4.64647e-22
0             19    1.44081e-19
0             20    3.78296e-17
0             21    7.37843e-15
0             22    1.00848e-12
0             23    9.65842e-11
0             24     5.9402e-09
0             25    2.43946e-07
0             26    6.70982e-06
0             27     0.00012239
0             28     0.00153396
0             29      0.0133425
0             30      0.0832405
0             31       0.378898
0             32        1.29182
0             33        3.49366
0             34         7.9539
0             35        16.0491
0             36        29.4768
0             37        50.1161
0             38        80.5308
0             39        123.715
0             40        180.281
0             41        247.731
0             42        321.263
0             43        388.824
0             44        434.938
0             45        450.879
0             46        436.762
0             47        395.341
0             48        333.205
0             49        260.031
0             50        187.361
0             51        125.371
0             52        79.1623
0             53        47.0943
0             54        26.1135
0             55        13.3864
0             56        6.10739
0             57        2.39341
0             58       0.833216
0             59       0.270229
0             60      0.0754605
0             61       0.015744
0             62     0.00225806
0             63    0.000226386
0             64    1.99628e-05
0             65    1.99182e-06
0             66    1.90784e-07
0             67    1.29731e-08
0             68    5.53602e-10
0             69    1.52473e-11
0             70    2.61541e-13
0             71    2.82387e-15
0             72    2.00244e-17
0             73    9.18355e-20
0             74    2.81727e-22
0             75    5.66357e-25
0             76    7.72858e-28
0             77     7.6432e-31
0             78     5.2393e-34
0             79    2.57218e-37
0             80    9.48568e-41
0             81    2.58441e-44
0             82    5.40833e-48
0             83    9.18572e-52
0             84    1.18907e-55
0             85    1.26734e-59
0             86    1.21641e-63
0             87    1.03299e-67
0             88    9.55367e-72
0             89    1.10745e-75
0             90    1.78528e-79
0             91   1.28202e-132
0             92   1.13474e-126
0             93   9.01827e-121
0             94   6.01441e-115
0             95   3.47272e-109
0             96   1.62972e-103
0             97    7.08396e-98
0             98    3.26404e-92
0             99    1.90695e-86
0            100    1.16027e-80
0            101    6.01458e-75
0            102    2.89384e-69
0            103     1.4816e-63
0            104    6.62896e-58
0            105    2.00971e-52
0            106    3.58283e-47
0            107    3.79471e-42
0            108    2.37675e-37
0            109    8.76507e-33
0            110    1.90255e-28
0            111     2.3421e-24
0            112    1.57491e-20
0            113    5.61137e-17
0            114    9.11189e-14
0            115    6.50996e-11
0            116    1.79897e-08
0            117     1.8654e-06
0            118    6.99907e-05
0            119    0.000933544
0            120     0.00454404
0            121      0.0110801
0            122      0.0436132
0            123       0.213722
0            124       0.714428
0            125        1.91391
0            126        4.46612
0            127        9.15919
0            128         16.693
0            129        28.1437
0            130        45.3093
0            131        67.7758
0            132        94.0123
0            133        122.651
0            134        149.091
0            135        166.633
0            136        171.312
0            137        163.909
0            138        146.062
0            139        121.247
0            140        93.1535
0            141        66.2552
0            142        43.4154
0            143        26.1808
0            144        14.7537
0            145        7.97022
0            146        3.96982
0            147        1.79139
0            148       0.731848
0            149       0.229982
0            150      0.0481286
0            151      0.0147509
0            152      0.0221474
0            153      0.0181133
0            154     0.00532494
0            155    0.000560447
0            156    2.16129e-05
0            157     3.1557e-07
0            158    1.78139e-09
0            159    4.23095e-12
0            160    4.18205e-15
0            161    1.92517e-18
0            162    4.66526e-22
0            163    7.40416e-26
0            164     8.9113e-30
0            165    8.75909e-34
0            166    7.56695e-38
0            167    5.05871e-42
0            168    2.18584e-46
0            169    5.91365e-51
0            170    1.02052e-55
0            171    1.15054e-60
0            172    8.81603e-66
0            173    4.85919e-71
0            174    2.08277e-76
0            175    7.24596e-82
0            176    2.04732e-87
0            177    5.09433e-93
0            178    1.04364e-98
0            179   1.85742e-104
0            180   2.76496e-110
0            181   3.64492e-116
0            182   2.24917e-254
0            183   1.96066e-241
0            184   1.58829e-228
0            185   1.10792e-215
0            186   5.71553e-203
0            187   2.26541e-190
0            188   5.94844e-178
0            189   9.96624e-166
0            190    1.0216e-153
0            191    5.4166e-142
0            192   1.47629e-130
0            193   1.93006e-119
0            194   1.13215e-108
0            195    2.65417e-98
0            196    2.46837e-88
0            197    8.40237e-79
0            198    1.00712e-69
0            199    4.05196e-61
0            200    5.29848e-53
0            201    2.06331e-45
0            202    2.32961e-38
0            203    7.02243e-32
0            204    5.21019e-26
0            205    9.18055e-21
0            206    3.53039e-16
0            207    2.92524e-12
0            208     5.0108e-09
0            209    1.71765e-06
0            210    0.000117505
0            211     0.00159656
0            212     0.00552301
0            213      0.0167913
0            214       0.050534
0            215       0.149326
0            216        0.40213
0            217        1.05169
0            218         2.3874
0            219        4.72561
0            220        8.31929
0            221        13.1174
0            222        20.2273
0            223        29.0732
0            224        38.0336
0            225        46.5356
0            226        52.3377
0            227        54.7135
0            228        52.3569
0            229        47.0303
0            230        38.7992
0            231        29.3451
0            232        20.3559
0            233        13.2508
0            234        8.11041
0            235        4.53206
0            236         2.2287
0            237         1.0709
0            238       0.473453
0            239       0.208868
0            240       0.115085
0            241      0.0426493
0            242      0.0166651
0            243     0.00492467
0            244    0.000335428
0            245    4.04178e-06
0            246    9.00177e-09
0            247     3.9947e-12
0            248    3.82151e-16
0            249    8.20236e-21
0            250    3.89499e-26
0            251    4.33328e-32
0            252    1.14158e-38
0            253    7.56705e-46
0            254    1.35961e-53
0            255    7.17014e-62
0            256    1.90025e-70
0            257    5.39728e-79
0            258    9.29403e-88
0            259     6.4569e-97
0            260    1.8317e-106
0            261    2.1421e-116
0            262   1.20273e-126
0            263   4.08663e-137
0            264   1.18782e-147
0            265   2.88437e-158
0            266   5.09764e-169
0            267   5.84773e-180
0            268   4.30589e-191
0            269   2.29811e-202
0            270   8.50499e-214
0            271   2.49127e-225
0            272    6.0732e-237
0            273              0
0            274              0
0            275              0
0            276              0
0            277              0
0            278              0
0            279              0
0            280              0
0            281   1.71658e-307
0            282   1.85607e-286
0            283   6.50031e-266
0            284   1.36416e-245
0            285   1.83936e-225
0            286   6.65727e-206
0            287    4.2821e-187
0            288   4.48422e-169
0            289   1.83254e-151
0            290   1.03085e-133
0            291   7.33347e-117
0            292   4.18484e-101
0            293    2.05087e-86
0            294    1.27492e-72
0            295    9.41066e-60
0            296     4.5773e-48
0            297    9.73165e-38
0            298    7.80824e-29
0            299    2.22439e-21
0            300     2.2425e-15
0            301    8.55947e-11
0            302    1.41442e-07
0            303    2.68175e-05
0            304     0.00224802
0            305      0.0217507
0            306      0.0499975
0            307       0.104629
0            308        0.26684
0            309       0.624722
0            310        1.22668
0            311        2.28903
0            312        3.87798
0            313        5.75107
0            314         8.3133
0            315        11.0585
0            316        13.4986
0            317         15.273
0            318        15.8217
0            319        15.1748
0            320        13.4169
0            321        11.0439
0            322        8.36561
0            323        5.76437
0            324        3.66451
0            325        2.21426
0            326        1.17149
0            327       0.588607
0            328       0.293772
0            329       0.122145
0            330      0.0437451
0            331      0.0237861
0            332     0.00695547
0            333      0.0015324
0            334    2.44076e-05
0            335    1.59205e-08
0            336    4.73544e-13
0            337    6.98298e-19
0            338    5.46864e-26
0            339    2.52229e-34
0            340    8.18679e-44
0            341    2.51476e-54
0            342    8.67931e-66
0            343    2.93469e-78
0            344    9.09582e-92
0            345   2.75089e-106
0            346   1.01643e-121
0            347   8.29442e-138
0            348    2.6127e-154
0            349   1.99036e-171
0            350   2.92041e-189
0            351   8.71827e-208
0            352    6.1481e-227
0            353   1.09064e-246
0            354   5.71214e-267
0            355   9.40654e-288
0            356              0
0            357              0
0            358              0
0            359              0
0            360              0
0            361              0
0            362              0
0            363              0
0            364              0
0            365              0
0            366              0
0            367              0
0            368              0
0            369              0
0            370              0
0            371              0
0            372              0
0            373              0
0            374              0
0            375              0
0            376              0
0            377              0
0            378              0
0            379              0
0            380              0
0            381              0
0            382              0
0            383              0
0            384              0
0            385              0
0            386              0
0            387              0
0            388              0
0            389              0
0            390              0
0            391              0
0            392              0
0            393   4.84682e-301
0            394    6.4891e-284
0            395   3.71221e-267
0            396   8.06168e-251
0            397   6.19382e-235
0            398   1.67298e-219
0            399   1.54415e-204
0            400   4.82439e-190
0            401    5.0858e-176
0            402   1.95514e-162
0            403   2.70923e-149
0            404   1.28887e-136
0            405   1.98772e-124
0            406   8.95629e-113
0            407   1.17515e-101
0            408    4.14887e-91
0            409    3.88212e-81
0            410     9.5454e-72
0            411    6.07599e-63
0            412    9.90189e-55
0            413     3.9487e-47
0            414    3.93499e-40
0            415    9.48016e-34
0            416    5.53571e-28
0            417    7.72214e-23
0            418    2.53311e-18
0            419      1.966e-14
0            420    3.56561e-11
0            421    1.51378e-08
0            422    1.54691e-06
0            423    4.16096e-05
0            424    0.000342018
0            425     0.00101383
0            426     0.00158958
0            427     0.00349038
0            428     0.00745967
0            429     0.00881691
0            430      0.0127596
0            431      0.0207872
0            432      0.0330313
0            433      0.0525588
0            434      0.0786778
0            435        0.11367
0            436       0.168814
0            437       0.246689
0            438       0.337845
0            439       0.449281
0            440       0.591331
0            441       0.776903
0            442        1.03132
0            443        1.32652
0            444        1.60447
0            445        1.91656
0            446        2.24029
0            447          2.609
0            448        3.01313
0            449         3.3989
0            450        3.77922
0            451        4.05239
0            452         4.2112
0            453        4.31013
0            454        4.32401
0            455        4.31661
0            456        4.23341
0            457        4.06144
0            458        3.72606
0            459        3.30546
0            460        2.97732
0            461        2.65673
0            462         2.3229
0            463        1.96328
0            464        1.62279
0            465        1.32481
0            466         1.0509
0            467       0.800194
0            468       0.598859
0            469       0.448912
0            470       0.344168
0            471       0.268398
0            472         0.1847
0            473        0.12088
0            474       0.083907
0            475      0.0590085
0            476      0.0367663
0            477      0.0221696
0            478      0.0142223
0            479     0.00855282
0            480     0.00532802
0            481     0.00174512
0            482     0.00109833
0            483     0.00196978
0            484     0.00142934
0            485    0.000373607
0            486    3.07312e-05
0            487    1.32369e-05
0            488    5.83319e-06
0            489    4.57913e-07
0            490    6.34161e-09
0            491    1.61564e-11
0            492    8.03258e-15
0            493    8.53897e-19
0            494     2.0711e-23
0            495    1.13275e-28
0            496    1.36801e-34
0            497    3.46831e-41
0            498    1.88384e-48
0            499    2.20113e-56
0            500    5.57362e-65
0            501    3.08081e-74
0            502    3.74127e-84
0            503    1.05648e-94
0            504   6.77407e-106
0            505   1.05255e-117
0            506   4.39334e-130
0            507   7.86513e-143
0            508   9.14435e-156
0            509   4.20494e-169
0            510   5.84827e-183
0            511   2.39844e-197
0            512   2.96768e-212
0            513   1.10104e-227
0            514   1.26852e-243
0            515   4.68307e-260
0            516   5.72624e-277
0            517   2.30906e-294
0            518              0
0            519              0
0            520              0
0            521              0
0            522              0
0            523              0
0            524              0
0            525              0
0            526              0
0            527              0
0            528              0
0            529              0
0            530              0
0            531              0
0            532              0
0            533              0
0            534              0
0            535              0
0            536              0
0            537              0
0            538              0
0            539              0
0            540              0
0            541              0
0            542              0
0            543              0
0            544              0
0            545    0.000740105
0            546    0.000536174
0            547    0.000291965
0            548    1.88332e-05
0            549    4.41194e-06
0            550    1.54951e-08
0            551    1.07842e-18
0            552    1.08288e-22
0            553     4.3777e-54
0            554        3.56043
0            555        3.33831
0            556        2.97147
0            557        2.16216
0            558       0.945036
0            559      0.0712387
0            560    3.61097e-05
0            561    4.84487e-05
0            562    1.96462e-36
0            563        124.733
0            564        119.433
0            565        108.204
0            566        76.0934
0            567        27.4847
0            568        3.11088
0            569        0.14361
0            570    0.000704913
0            571    2.65617e-24
0            572        125.263
0            573        119.334
0            574        107.308
0            575        75.1171
0            576         28.015
0            577        2.88837
0            578       0.157991
0            579    9.78144e-06
0            580    3.03679e-24
0            581        3.26532
0            582        3.03875
0            583        2.68909
0            584        1.82251
0            585       0.699328
0            586      0.0621486
0            587    6.12451e-05
0            588      8.662e-12
0            589    1.40162e-32
0            590      0.0168805
0            591      0.0133867
0            592      0.0111733
0            593      0.0212614
0            594    0.000897842
0            595    4.15861e-09
0            596    1.12298e-16
0            597    1.83723e-25
0            598    1.97537e-53
