0              0    0.000198082
0              1    0.000653025
0              2      0.0020867
0              3     0.00634335
0              4      0.0183109
0              5      0.0498096
0              6       0.128465
0              7       0.311882
0              8       0.712032
0              9        1.54373
0             10        3.17361
0             11        6.18466
0             12        11.4569
0             13        20.1316
0             14         33.528
0             15        53.1273
0             16        79.6712
0             17        112.747
0             18        150.635
0             19        189.668
0             20         225.14
0             21        251.381
0             22        263.856
0             23        259.658
0             24        239.107
0             25        205.713
0             26        165.011
0             27          123.6
0             28        86.3925
0             29        56.4491
0             30         34.419
0             31        19.6443
0             32        10.6007
0             33        5.42924
0             34        2.65382
0             35        1.22785
0             36       0.524821
0             37       0.204878
0             38      0.0738997
0             39      0.0248756
0             40     0.00795294
0             41     0.00244988
0             42    0.000722165
0             43    0.000205619
0             44    5.68456e-05
0             45    1.56095e-05
0             46    4.25222e-06
0             47    1.14416e-06
0             48    3.09134e-07
0             49    8.40228e-08
0             50    2.28958e-08
0             51    6.21453e-09
0             52     1.7078e-09
0             53    4.74038e-10
0             54    1.31968e-10
0             55    3.71179e-11
0             56    1.05358e-11
0             57    3.01623e-12
0             58    8.76412e-13
0             59     2.5804e-13
0             60    7.62463e-14
0             61     2.2754e-14
0             62    6.90247e-15
0             63    2.10912e-15
0             64    6.53622e-16
0             65     2.0365e-16
0             66    6.43212e-17
0             67    2.07372e-17
0             68    6.71437e-18
0             69    2.22377e-18
0             70    7.51949e-19
0             71     2.5787e-19
0             72    9.05833e-20
0             73    3.25665e-20
0             74    1.20062e-20
0             75    4.53377e-21
0             76    1.75687e-21
0             77    7.05705e-22
0             78     2.9097e-22
0             79    1.24099e-22
0             80    5.48258e-23
0             81    2.48754e-23
0             82    1.16734e-23
0             83    5.67224e-24
0             84    2.82243e-24
0             85    1.45859e-24
0             86      7.795e-25
0             87    4.25998e-25
0             88    2.41409e-25
0             89    1.40592e-25
0             90    8.45113e-26
0             91    1.43021e-07
0             92    8.25224e-07
0             93    4.47503e-06
0             94    2.25216e-05
0             95    0.000105274
0             96    0.000450328
0             97     0.00176615
0             98      0.0062769
0             99      0.0202856
0            100      0.0600249
0            101       0.164028
0            102       0.418514
0            103        1.00419
0            104        2.26721
0            105        4.78873
0            106        9.38397
0            107        16.9917
0            108         28.291
0            109        43.1652
0            110          60.26
0            111         76.833
0            112        89.3524
0            113        94.7007
0            114        91.4442
0            115        80.4593
0            116        64.6273
0            117        47.4664
0            118        31.9349
0            119        19.6988
0            120        11.1292
0            121        5.75779
0            122        2.72786
0            123        1.18054
0            124       0.467347
0            125       0.169389
0            126      0.0561686
0            127      0.0170332
0            128     0.00472319
0            129     0.00120039
0            130    0.000279554
0            131    5.95613e-05
0            132    1.17374e-05
0            133    2.12638e-06
0            134    3.58492e-07
0            135    5.60631e-08
0            136    8.24394e-09
0            137    1.14978e-09
0            138    1.54003e-10
0            139    2.04071e-11
0            140    2.68282e-12
0            141    3.62651e-13
0            142    5.01082e-14
0            143    7.15046e-15
0            144    1.04767e-15
0            145    1.56374e-16
0            146     2.3774e-17
0            147    3.66996e-18
0            148    5.77832e-19
0            149    9.22382e-20
0            150    1.50777e-20
0            151    2.52063e-21
0            152    4.29672e-22
0            153    7.44955e-23
0            154     1.3172e-23
0            155     2.3691e-24
0            156    4.34969e-25
0            157    8.14787e-26
0            158    1.54728e-26
0            159    3.03149e-27
0            160    6.04711e-28
0            161    1.23921e-28
0            162    2.60714e-29
0            163     5.6652e-30
0            164     1.2733e-30
0            165    2.96051e-31
0            166    7.12966e-32
0            167    1.78808e-32
0            168    4.64121e-33
0            169    1.25989e-33
0            170    3.54438e-34
0            171    1.04228e-34
0            172    3.18738e-35
0            173    1.01801e-35
0            174     3.3974e-36
0            175    1.18325e-36
0            176    4.27219e-37
0            177    1.61215e-37
0            178    6.35945e-38
0            179    2.60758e-38
0            180    1.11728e-38
0            181    4.99189e-39
0            182    3.98457e-12
0            183    5.12223e-11
0            184    6.09796e-10
0            185    6.62295e-09
0            186    6.44126e-08
0            187     5.6225e-07
0            188    4.36166e-06
0            189    3.00958e-05
0            190    0.000184655
0            191    0.000997545
0            192     0.00474317
0            193      0.0197646
0            194      0.0720416
0            195       0.229381
0            196        0.64173
0            197        1.58221
0            198        3.45244
0            199        6.69431
0            200        11.5526
0            201        17.7217
0            202        24.1453
0            203        29.1587
0            204        31.1898
0            205        29.5499
0            206        24.7972
0            207        18.4131
0            208        12.0868
0            209        7.01238
0            210        3.59078
0            211         1.6241
0            212       0.648089
0            213       0.227498
0            214      0.0701253
0            215      0.0190245
0            216     0.00455388
0            217     0.00097404
0            218    0.000188244
0            219    3.30982e-05
0            220    5.26349e-06
0            221    7.55523e-07
0            222     9.6682e-08
0            223    1.09119e-08
0            224     1.0895e-09
0            225    9.55166e-11
0            226    7.45796e-12
0            227    5.24584e-13
0            228    3.39136e-14
0            229    2.08074e-15
0            230    1.25671e-16
0            231    7.89958e-18
0            232    5.29741e-19
0            233    3.85222e-20
0            234    2.96574e-21
0            235    2.33699e-22
0            236    1.85321e-23
0            237    1.44652e-24
0            238    1.10399e-25
0            239    8.22732e-27
0            240    6.02427e-28
0            241    4.31602e-29
0            242    3.04082e-30
0            243    2.12696e-31
0            244    1.47417e-32
0            245    1.02282e-33
0            246    7.15639e-35
0            247    5.03772e-36
0            248    3.60847e-37
0            249    2.64974e-38
0            250    1.99016e-39
0            251    1.54883e-40
0            252    1.25137e-41
0            253    1.05781e-42
0            254    9.39135e-44
0            255    8.76886e-45
0            256    8.71379e-46
0            257     9.1998e-47
0            258    1.04102e-47
0            259     1.2588e-48
0            260    1.63402e-49
0            261    2.27002e-50
0            262    3.38917e-51
0            263    5.42882e-52
0            264    9.31247e-53
0            265    1.70275e-53
0            266     3.3355e-54
0            267      6.978e-55
0            268    1.55426e-55
0            269    3.69261e-56
0            270    9.30336e-57
0            271    2.49165e-57
0            272    7.10548e-58
0            273    6.08314e-14
0            274    1.82142e-12
0            275    4.28497e-11
0            276     7.8599e-10
0            277    1.11393e-08
0            278    1.21287e-07
0            279    1.01162e-06
0            280    6.52236e-06
0            281    3.31591e-05
0            282    0.000140563
0            283     0.00054067
0            284     0.00203974
0            285     0.00760812
0            286      0.0270796
0            287      0.0888681
0            288       0.261989
0            289       0.678834
0            290        1.52713
0            291        2.97278
0            292        4.99808
0            293        7.23222
0            294        8.99936
0            295        9.65024
0            296        8.93602
0            297        7.14196
0            298        4.90492
0            299        2.87816
0            300         1.4407
0            301       0.618585
0            302       0.230195
0            303      0.0751846
0            304      0.0215994
0            305     0.00533718
0            306     0.00108962
0            307    0.000177326
0            308    2.24573e-05
0            309    2.20098e-06
0            310    1.67854e-07
0            311     1.0176e-08
0            312    4.99415e-10
0            313    2.03655e-11
0            314    7.01441e-13
0            315    2.09975e-14
0            316    5.68552e-16
0            317    1.46516e-17
0            318    3.71253e-19
0            319    9.22636e-21
0            320    2.18542e-22
0            321    4.77828e-24
0            322    9.48451e-26
0            323    1.70294e-27
0            324    2.77734e-29
0            325    4.13701e-31
0            326    5.77301e-33
0            327    7.70114e-35
0            328    1.03503e-36
0            329    1.47722e-38
0            330    2.32481e-40
0            331    4.02234e-42
0            332    7.42858e-44
0            333    1.41031e-45
0            334    2.68879e-47
0            335    5.11307e-49
0            336    9.70992e-51
0            337    1.84143e-52
0            338    3.51024e-54
0            339    6.82973e-56
0            340    1.35889e-57
0            341    2.78618e-59
0            342    5.98698e-61
0            343    1.35687e-62
0            344    3.28224e-64
0            345    8.52499e-66
0            346    2.41854e-67
0            347    7.56264e-69
0            348    2.62186e-70
0            349    1.01465e-71
0            350    4.39553e-73
0            351    2.13071e-74
0            352    1.15462e-75
0            353    6.92302e-77
0            354    4.60436e-78
0            355    3.36426e-79
0            356     2.6945e-80
0            357     2.3659e-81
0            358    2.27738e-82
0            359    2.38742e-83
0            360    2.74073e-84
0            361    3.43376e-85
0            362    4.70983e-86
0            363    7.06489e-87
0            364    3.53152e-22
0            365     4.3961e-21
0            366    5.17738e-20
0            367    5.76036e-19
0            368    6.05831e-18
0            369    6.00792e-17
0            370    5.64125e-16
0            371    5.00849e-15
0            372    4.19086e-14
0            373    3.30511e-13
0            374      2.448e-12
0            375    1.69858e-11
0            376    1.09967e-10
0            377    6.63606e-10
0            378    3.73493e-09
0            379    1.96199e-08
0            380    9.62046e-08
0            381    4.39964e-07
0            382    1.85637e-06
0            383    7.14211e-06
0            384    2.46302e-05
0            385    7.49288e-05
0            386    0.000199784
0            387    0.000466132
0            388    0.000963813
0            389     0.00181357
0            390     0.00324613
0            391      0.0058017
0            392      0.0106789
0            393      0.0201134
0            394      0.0377489
0            395      0.0688836
0            396       0.120646
0            397       0.201961
0            398       0.323186
0            399       0.494446
0            400       0.723068
0            401        1.01034
0            402        1.34948
0            403        1.72265
0            404        2.10155
0            405        2.45028
0            406        2.73007
0            407        2.90824
0            408        2.96307
0            409        2.88866
0            410        2.69425
0            411         2.4022
0            412        2.04503
0            413        1.66127
0            414        1.28666
0            415       0.950368
0            416       0.669483
0            417       0.449905
0            418       0.288479
0            419       0.176309
0            420       0.102731
0            421      0.0571614
0            422      0.0305021
0            423      0.0157099
0            424     0.00787459
0            425     0.00386181
0            426     0.00184967
0            427    0.000855811
0            428    0.000376752
0            429    0.000154927
0            430    5.87187e-05
0            431    2.02801e-05
0            432    6.34536e-06
0            433    1.79147e-06
0            434    4.56711e-07
0            435    1.04964e-07
0            436    2.18133e-08
0            437    4.11298e-09
0            438    7.02443e-10
0            439    1.09184e-10
0            440    1.54354e-11
0            441    1.99108e-12
0            442    2.35063e-13
0            443    2.54508e-14
0            444    2.53132e-15
0            445    2.32574e-16
0            446    1.97787e-17
0            447     1.5623e-18
0            448    1.14808e-19
0            449    7.88185e-21
0            450     5.0718e-22
0            451    3.04481e-23
0            452    1.71102e-24
0            453    8.99307e-26
0            454    4.43002e-27
0            455     2.0428e-28
0            456    8.82257e-30
0            457    3.57556e-31
0            458    1.36122e-32
0            459    4.90152e-34
0            460      1.668e-35
0            461    5.40197e-37
0            462    1.68859e-38
0            463    5.13698e-40
0            464    1.55175e-41
0            465    4.74904e-43
0            466    1.50052e-44
0            467    4.93823e-46
0            468    1.68537e-47
0            469    5.89883e-49
0            470    2.08805e-50
0            471    7.35668e-52
0            472    2.56773e-53
0            473    8.80988e-55
0            474     2.9607e-56
0            475    9.81237e-58
0            476    3.18057e-59
0            477    1.02007e-60
0            478    3.21329e-62
0            479    1.00449e-63
0            480    3.10661e-65
0            481    9.62227e-67
0            482    2.98395e-68
0            483    9.38603e-70
0            484     3.0238e-71
0            485    1.00891e-72
0            486    3.52511e-74
0            487    1.30684e-75
0            488    5.13409e-77
0            489    2.12747e-78
0            490    9.23771e-80
0            491    4.17073e-81
0            492    1.93419e-82
0            493    9.17326e-84
0            494    4.43852e-85
0            495    2.17856e-86
0            496     1.0887e-87
0            497    5.50438e-89
0            498    2.83145e-90
0            499    1.48222e-91
0            500    7.91758e-93
0            501    4.30891e-94
0            502    2.39086e-95
0            503    1.36185e-96
0            504    7.94208e-98
0            505    4.76194e-99
0            506   2.93591e-100
0            507    1.8629e-101
0            508   1.22061e-102
0            509   8.23316e-104
0            510   5.73371e-105
0            511   4.12334e-106
0            512   3.06848e-107
0            513   2.36007e-108
0            514   1.87182e-109
0            515    1.5337e-110
0            516   1.30058e-111
0            517   1.13757e-112
0            518   1.02945e-113
0            519   9.62036e-115
0            520   9.29626e-116
0            521   9.29585e-117
0            522   9.58441e-118
0            523   1.02435e-118
0            524   1.13178e-119
0            525   1.29289e-120
0            526     1.526e-121
0            527   1.87504e-122
0            528   2.37738e-123
0            529   3.13051e-124
0            530   4.26528e-125
0            531   6.03114e-126
0            532   8.85415e-127
0            533   1.34893e-127
0            534   2.12603e-128
0            535   3.48549e-129
0            536   5.92494e-130
0            537   1.04188e-130
0            538   1.90204e-131
0            539   3.59978e-132
0            540   7.08346e-133
0            541   1.44169e-133
0            542   3.03894e-134
0            543   6.63012e-135
0            544   1.50166e-135
0            545        26.2701
0            546        25.9533
0            547         25.341
0            548        23.0368
0            549         16.039
0            550        7.39196
0            551         2.6998
0            552       0.709281
0            553       0.154278
0            554       0.108609
0            555       0.104359
0            556      0.0987476
0            557      0.0846955
0            558      0.0491682
0            559      0.0180369
0            560     0.00684495
0            561     0.00120027
0            562    0.000971765
0            563    6.13549e-06
0            564    5.70574e-06
0            565    5.05712e-06
0            566    3.70647e-06
0            567     3.1182e-06
0            568    1.87967e-06
0            569    2.20062e-07
0            570    1.28995e-07
0            571    5.30292e-09
0            572    8.90447e-12
0            573    8.32111e-12
0            574    7.38008e-12
0            575    6.04257e-12
0            576      1.604e-11
0            577    1.17338e-11
0            578    5.00639e-13
0            579    2.24724e-13
0            580    1.87181e-14
0            581    9.06569e-18
0            582    9.36483e-18
0            583    9.29711e-18
0            584    9.93171e-18
0            585    1.01164e-17
0            586    2.68814e-18
0            587    4.57801e-19
0            588    1.19833e-19
0            589    1.99074e-20
0            590    2.78488e-23
0            591    3.01607e-23
0            592    3.12477e-23
0            593    3.28945e-23
0            594    2.62147e-23
0            595    3.80316e-24
0            596    1.14785e-24
0            597     2.4268e-25
0            598    5.91527e-26
