0              0    2.04543e-76
0              1    1.80871e-75
0              2    1.80208e-74
0              3    1.97254e-73
0              4    2.42402e-72
0              5    3.18576e-71
0              6    4.62768e-70
0              7    7.43083e-69
0              8    1.26158e-67
0              9    2.35041e-66
0             10    4.78703e-65
0             11    1.05179e-63
0             12     2.5882e-62
0             13    7.18268e-61
0             14    2.21949e-59
0             15    7.93739e-58
0             16    3.14966e-56
0             17    1.35825e-54
0             18    6.31882e-53
0             19    3.10965e-51
0             20    1.61299e-49
0             21     8.4584e-48
0             22    4.56403e-46
0             23    2.54907e-44
0             24    1.37636e-42
0             25    7.56025e-41
0             26     4.1175e-39
0             27    2.15114e-37
0             28    1.10249e-35
0             29    5.39052e-34
0             30    2.56653e-32
0             31    1.15772e-30
0             32    4.80819e-29
0             33    1.88231e-27
0             34    6.90131e-26
0             35    2.31719e-24
0             36    7.15373e-23
0             37     2.0333e-21
0             38    5.28835e-20
0             39    1.32263e-18
0             40    3.34068e-17
0             41    8.82842e-16
0             42    2.56043e-14
0             43    7.77833e-13
0             44    2.26104e-11
0             45    5.62522e-10
0             46     1.1698e-08
0             47    2.01709e-07
0             48     2.7629e-06
0             49    3.02804e-05
0             50    0.000265542
0             51     0.00192141
0             52      0.0114865
0             53      0.0574675
0             54       0.247096
0             55       0.912464
0             56        2.89529
0             57        7.93747
0             58        18.8034
0             59        38.7561
0             60          70.59
0             61        114.147
0             62        165.057
0             63        214.989
0             64        252.345
0             65        266.514
0             66        252.299
0             67        213.823
0             68         161.77
0             69        109.994
0             70        67.2571
0             71        36.9779
0             72        18.3568
0             73        8.19995
0             74        3.30644
0             75        1.19361
0             76       0.382301
0             77        0.10733
0             78      0.0254761
0             79      0.0050096
0             80    0.000807596
0             81    0.000104745
0             82    1.09092e-05
0             83    9.21914e-07
0             84    6.22259e-08
0             85    3.44023e-09
0             86    1.62521e-10
0             87    6.56364e-12
0             88    2.34667e-13
0             89    7.46933e-15
0             90    2.21648e-16
0             91   9.10688e-124
0             92   3.37929e-122
0             93   1.45082e-120
0             94   7.26162e-119
0             95   4.15071e-117
0             96   2.77287e-115
0             97   2.16909e-113
0             98   1.92544e-111
0             99   2.00588e-109
0            100   2.48903e-107
0            101   3.72427e-105
0            102   6.71252e-103
0            103   1.51171e-100
0            104    4.10934e-98
0            105    1.38685e-95
0            106    5.42664e-93
0            107    2.46958e-90
0            108    1.25133e-87
0            109    6.92721e-85
0            110    4.14872e-82
0            111    2.65574e-79
0            112    1.76385e-76
0            113    1.21381e-73
0            114    8.32048e-71
0            115    5.95951e-68
0            116    4.13113e-65
0            117    2.81962e-62
0            118    1.87775e-59
0            119    1.18769e-56
0            120    7.09397e-54
0            121    3.90091e-51
0            122    1.96271e-48
0            123    9.04764e-46
0            124    3.83154e-43
0            125    1.48149e-40
0            126    5.60095e-38
0            127    2.17426e-35
0            128    8.79189e-33
0            129    3.41919e-30
0            130     1.1773e-27
0            131     3.3817e-25
0            132    7.61711e-23
0            133    1.37139e-20
0            134    1.87432e-18
0            135    2.02234e-16
0            136    1.70886e-14
0            137    1.16947e-12
0            138    6.67353e-11
0            139    3.11816e-09
0            140    1.17769e-07
0            141    3.33631e-06
0            142    6.85531e-05
0            143    0.000958956
0            144     0.00891676
0            145      0.0551304
0            146       0.234742
0            147       0.747545
0            148        1.97527
0            149        4.69866
0            150        10.3105
0            151        20.4842
0            152        36.0893
0            153        56.0129
0            154        76.8889
0            155        93.4728
0            156        100.115
0            157        94.1581
0            158        77.8709
0            159        56.9688
0            160        36.7908
0            161        20.9739
0            162         10.544
0            163         4.7016
0            164        1.85137
0            165       0.620201
0            166       0.167323
0            167      0.0345167
0            168     0.00515387
0            169    0.000529772
0            170     3.6108e-05
0            171    1.59205e-06
0            172    4.54845e-08
0            173    8.58648e-10
0            174    1.12644e-11
0            175    1.11353e-13
0            176    9.48472e-16
0            177    8.19793e-18
0            178    6.99328e-20
0            179    5.50198e-22
0            180    3.61325e-24
0            181    1.96666e-26
0            182   6.53484e-210
0            183   2.10422e-207
0            184   8.78549e-205
0            185   4.70281e-202
0            186   3.19339e-199
0            187   2.84311e-196
0            188   3.40866e-193
0            189   6.24563e-190
0            190   2.17909e-186
0            191   1.48206e-182
0            192   1.62541e-178
0            193   2.41787e-174
0            194   4.54055e-170
0            195   1.01954e-165
0            196   2.73389e-161
0            197    8.4894e-157
0            198    3.0679e-152
0            199   1.24254e-147
0            200   5.66608e-143
0            201   2.77215e-138
0            202   1.45514e-133
0            203   8.06899e-129
0            204   4.59018e-124
0            205   2.67134e-119
0            206   1.51026e-114
0            207   8.37835e-110
0            208   4.42589e-105
0            209   2.13387e-100
0            210    9.46154e-96
0            211     3.7323e-91
0            212    1.26135e-86
0            213     3.6492e-82
0            214    8.70825e-78
0            215    1.66833e-73
0            216    2.57685e-69
0            217    3.09675e-65
0            218    3.07718e-61
0            219    5.07057e-57
0            220    2.54312e-52
0            221    1.23838e-47
0            222    4.17482e-43
0            223    9.87834e-39
0            224    1.63004e-34
0            225    1.88059e-30
0            226    1.34073e-26
0            227    5.49711e-23
0            228     1.2401e-19
0            229    1.53605e-16
0            230    1.06507e-13
0            231    3.99336e-11
0            232    7.81067e-09
0            233    7.30481e-07
0            234    3.16351e-05
0            235    0.000644502
0            236     0.00654353
0            237      0.0373627
0            238       0.140191
0            239       0.415783
0            240        1.09746
0            241        2.59187
0            242        5.38902
0            243        10.1297
0            244        16.9734
0            245        24.3365
0            246        29.9834
0            247        32.1993
0            248        30.0773
0            249         24.224
0            250        16.9398
0            251        10.4893
0            252        5.65298
0            253         2.5839
0            254        1.03394
0            255       0.379102
0            256       0.128917
0            257      0.0394105
0            258     0.00899595
0            259     0.00116999
0            260    7.27762e-05
0            261    2.02202e-06
0            262    2.52847e-08
0            263    1.46629e-10
0            264     4.1163e-13
0            265    5.78325e-16
0            266    4.41652e-19
0            267    1.98236e-22
0            268    5.85261e-26
0            269    1.32364e-29
0            270    2.36561e-33
0            271    3.52373e-37
0            272    4.55201e-41
0            273              0
0            274              0
0            275              0
0            276              0
0            277              0
0            278              0
0            279              0
0            280              0
0            281              0
0            282              0
0            283              0
0            284   5.20891e-306
0            285   4.82963e-298
0            286   6.14374e-290
0            287   1.02506e-281
0            288   2.17931e-273
0            289   5.73113e-265
0            290   1.79825e-256
0            291   6.60409e-248
0            292   2.76303e-239
0            293   1.23216e-230
0            294   5.77453e-222
0            295   2.73094e-213
0            296   1.27909e-204
0            297   5.50422e-196
0            298   2.11222e-187
0            299   7.16144e-179
0            300   1.99523e-170
0            301   4.37837e-162
0            302   7.40992e-154
0            303   9.23713e-146
0            304   8.08002e-138
0            305   4.79038e-130
0            306   1.85911e-122
0            307   4.46123e-115
0            308   6.56485e-108
0            309   7.53155e-101
0            310    2.85397e-93
0            311    2.99652e-85
0            312    3.23266e-77
0            313    2.05323e-69
0            314    6.09448e-62
0            315    7.65965e-55
0            316    3.82828e-48
0            317     7.2644e-42
0            318    5.06195e-36
0            319    1.24249e-30
0            320    1.04004e-25
0            321    2.90963e-21
0            322    2.67499e-17
0            323    8.32037e-14
0            324    9.99598e-11
0            325    5.25573e-08
0            326    9.54034e-06
0            327    0.000428614
0            328     0.00454812
0            329      0.0223137
0            330      0.0813092
0            331       0.227905
0            332       0.616838
0            333        1.42209
0            334        2.85164
0            335        4.93456
0            336        7.19207
0            337        9.03556
0            338        9.62849
0            339        8.76779
0            340        6.95195
0            341        4.82803
0            342        2.94151
0            343        1.48376
0            344       0.620668
0            345       0.220795
0            346      0.0888662
0            347      0.0282119
0            348     0.00375351
0            349    0.000165772
0            350    2.30725e-06
0            351    9.85705e-09
0            352    1.15539e-11
0            353    3.29567e-15
0            354    2.26786e-19
0            355    3.96018e-24
0            356     2.2206e-29
0            357    9.90364e-35
0            358     5.4779e-40
0            359    1.51407e-45
0            360    1.70156e-51
0            361    7.91623e-58
0            362    1.59235e-64
0            363    1.43221e-71
0            364              0
0            365              0
0            366              0
0            367              0
0            368              0
0            369              0
0            370              0
0            371              0
0            372              0
0            373              0
0            374              0
0            375              0
0            376              0
0            377              0
0            378              0
0            379              0
0            380              0
0            381              0
0            382              0
0            383              0
0            384              0
0            385              0
0            386              0
0            387              0
0            388              0
0            389              0
0            390              0
0            391              0
0            392              0
0            393              0
0            394              0
0            395              0
0            396              0
0            397              0
0            398              0
0            399              0
0            400              0
0            401              0
0            402              0
0            403              0
0            404              0
0            405              0
0            406              0
0            407              0
0            408              0
0            409              0
0            410              0
0            411              0
0            412              0
0            413              0
0            414              0
0            415              0
0            416              0
0            417   3.00084e-308
0            418   5.21087e-300
0            419   8.40452e-292
0            420   1.23135e-283
0            421    1.6061e-275
0            422   1.85357e-267
0            423     1.911e-259
0            424    1.7023e-251
0            425   1.30198e-243
0            426   8.49529e-236
0            427   4.70872e-228
0            428   2.14332e-220
0            429   8.18821e-213
0            430   2.50933e-205
0            431   6.29296e-198
0            432   1.23881e-190
0            433   1.97146e-183
0            434   2.40597e-176
0            435   2.32075e-169
0            436   1.69971e-162
0            437   9.38245e-156
0            438   3.93865e-149
0            439   1.22124e-142
0            440   2.81632e-136
0            441   4.75388e-130
0            442   5.81355e-124
0            443   5.27309e-118
0            444   4.04984e-112
0            445   3.67632e-106
0            446   4.28683e-100
0            447    4.36139e-94
0            448    3.14152e-88
0            449    1.48179e-82
0            450    4.46905e-77
0            451    8.71313e-72
0            452    1.07356e-66
0            453    8.34533e-62
0            454    4.10718e-57
0            455    1.37188e-52
0            456    3.88175e-48
0            457    1.13292e-43
0            458    2.76627e-39
0            459    4.24871e-35
0            460    3.75497e-31
0            461    1.83708e-27
0            462    4.88068e-24
0            463    7.03386e-21
0            464    5.47047e-18
0            465     2.2983e-15
0            466    5.18885e-13
0            467    6.32324e-11
0            468    4.17014e-09
0            469      1.482e-07
0            470     2.8038e-06
0            471    2.78819e-05
0            472    0.000144451
0            473    0.000411354
0            474    0.000817978
0            475     0.00178297
0            476     0.00427752
0            477     0.00881207
0            478      0.0166808
0            479      0.0320137
0            480      0.0590614
0            481       0.101485
0            482       0.165604
0            483       0.259689
0            484       0.392615
0            485       0.567708
0            486       0.790703
0            487        1.06567
0            488        1.38064
0            489        1.70989
0            490        2.01584
0            491        2.27392
0            492        2.49757
0            493        2.66718
0            494        2.72857
0            495        2.69056
0            496        2.56275
0            497        2.32757
0            498        2.01007
0            499        1.66892
0            500        1.33541
0            501        1.02742
0            502       0.762646
0            503       0.548645
0            504       0.386019
0            505       0.264734
0            506       0.174464
0            507        0.11163
0            508      0.0692166
0            509      0.0386548
0            510      0.0190542
0            511     0.00888917
0            512     0.00374172
0            513      0.0013213
0            514    0.000462793
0            515    0.000135388
0            516    2.10742e-05
0            517    1.54148e-06
0            518    6.44879e-08
0            519    2.05515e-09
0            520     4.6609e-11
0            521    6.06733e-13
0            522    4.20117e-15
0            523    1.52868e-17
0            524    2.94523e-20
0            525    2.99173e-23
0            526    1.62185e-26
0            527    4.77879e-30
0            528    7.61003e-34
0            529    6.83942e-38
0            530    3.66778e-42
0            531    1.37743e-46
0            532    4.38167e-51
0            533    1.17707e-55
0            534    2.29063e-60
0            535     2.9687e-65
0            536    2.48154e-70
0            537    1.33978e-75
0            538    4.67099e-81
0            539    1.07185e-86
0            540    1.64828e-92
0            541    1.67065e-98
0            542   1.14346e-104
0            543   5.31407e-111
0            544   1.70998e-117
0            545    1.70419e-62
0            546    1.72724e-61
0            547    4.75209e-58
0            548    2.81984e-57
0            549    9.77069e-58
0            550    1.01869e-57
0            551    1.18563e-57
0            552    1.29012e-59
0            553    2.74764e-66
0            554    1.63707e-41
0            555     3.9541e-40
0            556    2.85683e-39
0            557    1.38539e-38
0            558    1.03706e-38
0            559    4.36071e-39
0            560    3.39456e-38
0            561    5.74597e-41
0            562    6.51898e-47
0            563    5.81858e-23
0            564    6.84601e-22
0            565    1.05073e-21
0            566    1.00456e-21
0            567    9.24304e-22
0            568     4.4012e-22
0            569    7.58683e-22
0            570    2.44111e-23
0            571    4.73846e-29
0            572    1.04737e-08
0            573    1.59448e-08
0            574    1.98559e-08
0            575    2.06692e-08
0            576    1.09782e-08
0            577    2.53157e-09
0            578    2.53849e-10
0            579    5.73088e-11
0            580    2.44224e-15
0            581       0.464937
0            582       0.456088
0            583       0.432151
0            584       0.353309
0            585       0.159576
0            586      0.0373163
0            587     0.00283017
0            588    0.000547786
0            589    9.08411e-07
0            590        74.7078
0            591        71.7923
0            592        66.5949
0            593        51.7778
0            594        25.7841
0            595        6.42057
0            596        1.02246
0            597       0.133548
0            598      0.0013195
