0              0    8.76522e-69
0              1    1.05393e-67
0              2    1.38769e-66
0              3    1.95109e-65
0              4    3.00432e-64
0              5    4.85943e-63
0              6    8.56918e-62
0              7    1.64901e-60
0              8    3.32068e-59
0              9    7.26548e-58
0             10    1.71283e-56
0             11    4.26341e-55
0             12    1.15042e-53
0             13    3.34108e-52
0             14    1.02243e-50
0             15    3.41572e-49
0             16    1.20493e-47
0             17    4.44884e-46
0             18    1.73264e-44
0             19    7.04588e-43
0             20    3.00743e-41
0             21    1.30037e-39
0             22    5.78298e-38
0             23    2.67351e-36
0             24    1.20517e-34
0             25    5.55716e-33
0             26    2.57219e-31
0             27    1.16161e-29
0             28    5.25106e-28
0             29    2.32636e-26
0             30     1.0355e-24
0             31    4.52729e-23
0             32    1.89331e-21
0             33    7.75234e-20
0             34    3.08658e-18
0             35    1.16378e-16
0             36    4.13914e-15
0             37    1.37787e-13
0             38    4.17902e-12
0             39    1.16953e-10
0             40    2.99218e-09
0             41    6.68118e-08
0             42    1.31241e-06
0             43     2.2468e-05
0             44    0.000330262
0             45     0.00398895
0             46      0.0396283
0             47        0.32207
0             48         2.0544
0             49        10.1656
0             50        38.3658
0             51        109.939
0             52        234.307
0             53        369.098
0             54        429.558
0             55        368.038
0             56        232.715
0             57         108.97
0             58        38.2187
0             59         10.184
0             60        2.06498
0             61       0.326632
0             62      0.0414424
0             63     0.00424674
0             64    0.000361295
0             65      2.554e-05
0             66    1.54982e-06
0             67    8.20802e-08
0             68    3.71013e-09
0             69    1.51673e-10
0             70    5.53961e-12
0             71     1.8123e-13
0             72    5.51364e-15
0             73    1.55414e-16
0             74    4.14495e-18
0             75    1.03752e-19
0             76    2.48278e-21
0             77    5.88545e-23
0             78    1.34151e-24
0             79    2.99329e-26
0             80    6.66106e-28
0             81    1.45913e-29
0             82    3.21134e-31
0             83    7.26746e-33
0             84    1.64391e-34
0             85    3.85184e-36
0             86    9.58508e-38
0             87    2.44989e-39
0             88    6.59997e-41
0             89    1.83551e-42
0             90    5.44729e-44
0             91   8.19509e-113
0             92   5.44448e-111
0             93   4.10764e-109
0             94   3.51784e-107
0             95   3.37006e-105
0             96    3.6429e-103
0             97   4.45765e-101
0             98    5.93993e-99
0             99    8.80218e-97
0            100     1.4518e-94
0            101    2.64237e-92
0            102    5.20935e-90
0            103    1.12514e-87
0            104    2.58602e-85
0            105    6.47169e-83
0            106     1.7014e-80
0            107    4.80316e-78
0            108    1.43424e-75
0            109    4.52108e-73
0            110    1.51441e-70
0            111    5.39492e-68
0            112    2.02134e-65
0            113    8.06533e-63
0            114    3.32662e-60
0            115    1.49915e-57
0            116    6.96463e-55
0            117    3.40395e-52
0            118    1.73477e-49
0            119    8.94093e-47
0            120    4.58824e-44
0            121    2.26374e-41
0            122     1.0578e-38
0            123    4.64981e-36
0            124    1.90314e-33
0            125    6.98802e-31
0            126    2.32735e-28
0            127    6.88075e-26
0            128    1.79275e-23
0            129    4.02162e-21
0            130    7.71697e-19
0            131    1.25762e-16
0            132    1.67946e-14
0            133    1.87725e-12
0            134    1.66452e-10
0            135    1.18765e-08
0            136     6.5356e-07
0            137    2.72579e-05
0            138    0.000843013
0            139      0.0185001
0            140       0.281944
0            141          2.809
0            142        17.7606
0            143        67.9412
0            144        153.622
0            145        201.986
0            146        153.445
0            147        67.7423
0            148        17.6914
0            149        2.80105
0            150       0.280177
0            151      0.0185725
0            152    0.000848427
0            153    2.77672e-05
0            154    6.75136e-07
0            155    1.24452e-08
0            156    1.78638e-10
0            157     2.0427e-12
0            158    1.87021e-14
0            159    1.45268e-16
0            160    9.29857e-19
0            161    5.10907e-21
0            162    2.38434e-23
0            163    9.51762e-26
0            164    3.26721e-28
0            165    9.63513e-31
0            166    2.47796e-33
0            167    5.69677e-36
0            168    1.17416e-38
0            169     2.2897e-41
0            170    4.35544e-44
0            171    8.50466e-47
0            172    1.74942e-49
0            173    3.86663e-52
0            174     9.1884e-55
0            175    2.29469e-57
0            176    5.82034e-60
0            177    1.53779e-62
0            178    4.10303e-65
0            179    1.12327e-67
0            180    3.11539e-70
0            181    8.91478e-73
0            182   3.63827e-192
0            183   4.30479e-189
0            184   6.53528e-186
0            185   1.25625e-182
0            186    2.9917e-179
0            187   9.03703e-176
0            188   3.39202e-172
0            189   1.59105e-168
0            190   9.36687e-165
0            191   6.66083e-161
0            192   5.77985e-157
0            193    6.0796e-153
0            194   7.69177e-149
0            195   1.13139e-144
0            196     1.941e-140
0            197   3.77128e-136
0            198   8.31782e-132
0            199    2.0073e-127
0            200   5.31052e-123
0            201   1.47003e-118
0            202   4.25581e-114
0            203   1.26969e-109
0            204   3.80494e-105
0            205   1.14824e-100
0            206     3.3577e-96
0            207    9.78315e-92
0            208    2.84319e-87
0            209    8.20169e-83
0            210      2.429e-78
0            211    7.17828e-74
0            212    1.99992e-69
0            213    5.16397e-65
0            214    1.18351e-60
0            215    2.36886e-56
0            216     4.2134e-52
0            217    6.38797e-48
0            218    7.92061e-44
0            219    7.67001e-40
0            220    5.73064e-36
0            221    3.13242e-32
0            222    1.24895e-28
0            223    3.62954e-25
0            224    7.40303e-22
0            225    1.07202e-18
0            226    1.04828e-15
0            227    6.78026e-13
0            228    2.80164e-10
0            229    7.16484e-08
0            230    1.10325e-05
0            231    0.000969127
0            232        0.04652
0            233        1.10068
0            234        11.6013
0            235        49.6842
0            236        81.1265
0            237        49.6696
0            238        11.6248
0            239        1.10438
0            240      0.0471119
0            241    0.000998498
0            242    1.15497e-05
0            243    7.77947e-08
0            244    3.14656e-10
0            245    7.89047e-13
0            246    1.27168e-15
0            247     1.3306e-18
0            248    9.31814e-22
0            249    4.46806e-25
0            250    1.45906e-28
0            251    3.38379e-32
0            252    5.67919e-36
0            253    7.36381e-40
0            254    7.96322e-44
0            255    7.40286e-48
0            256    6.05547e-52
0            257    4.26812e-56
0            258    2.56813e-60
0            259    1.32374e-64
0            260    5.99469e-69
0            261    2.37109e-73
0            262    8.48905e-78
0            263    2.78695e-82
0            264    8.50519e-87
0            265    2.39085e-91
0            266    6.53841e-96
0            267   1.75543e-100
0            268   4.67564e-105
0            269   1.30378e-109
0            270   3.76612e-114
0            271   1.19995e-118
0            272   4.36654e-123
0            273              0
0            274              0
0            275              0
0            276              0
0            277              0
0            278   7.99041e-307
0            279   1.59711e-300
0            280   4.83647e-294
0            281   2.16486e-287
0            282   1.39358e-280
0            283   1.25801e-273
0            284   1.60996e-266
0            285   2.75057e-259
0            286   6.32601e-252
0            287    1.8861e-244
0            288   7.09423e-237
0            289   3.27288e-229
0            290    1.7912e-221
0            291   1.14324e-213
0            292   8.29524e-206
0            293   6.43609e-198
0            294   5.30914e-190
0            295   4.53505e-182
0            296   4.07315e-174
0            297   3.83385e-166
0            298    4.0086e-158
0            299   4.80149e-150
0            300   5.75501e-142
0            301   6.08917e-134
0            302    5.2706e-126
0            303   3.46127e-118
0            304   1.62345e-110
0            305   5.23112e-103
0            306    1.11941e-95
0            307    1.51818e-88
0            308    1.32967e-81
0            309    8.35622e-75
0            310    4.44543e-68
0            311    1.85255e-61
0            312    4.95613e-55
0            313    7.13587e-49
0            314    5.31277e-43
0            315     2.0072e-37
0            316    3.81619e-32
0            317    3.59007e-27
0            318    1.62275e-22
0            319    3.34726e-18
0            320    2.99598e-14
0            321    1.11686e-10
0            322    1.65946e-07
0            323    9.36189e-05
0            324      0.0181907
0            325         1.0198
0            326        12.9299
0            327        30.8616
0            328        12.9434
0            329        1.02164
0            330      0.0182901
0            331    9.36048e-05
0            332    1.64979e-07
0            333    1.09883e-10
0            334    2.90278e-14
0            335     3.1981e-18
0            336    1.55885e-22
0            337     3.5603e-27
0            338    4.04276e-32
0            339    2.33538e-37
0            340    6.59583e-43
0            341    8.77384e-49
0            342    5.60525e-55
0            343    1.73733e-61
0            344    2.72267e-68
0            345    2.37682e-75
0            346    1.47181e-82
0            347    8.61743e-90
0            348     4.9555e-97
0            349   2.62728e-104
0            350   1.37146e-111
0            351   6.91445e-119
0            352   3.00578e-126
0            353   1.02559e-133
0            354   2.77685e-141
0            355   5.99374e-149
0            356   1.08911e-156
0            357   1.70662e-164
0            358   2.44852e-172
0            359   3.23453e-180
0            360   4.16769e-188
0            361   5.38403e-196
0            362   7.31649e-204
0            363   1.07219e-211
0            364              0
0            365              0
0            366              0
0            367              0
0            368              0
0            369              0
0            370              0
0            371              0
0            372              0
0            373              0
0            374              0
0            375              0
0            376              0
0            377              0
0            378              0
0            379              0
0            380              0
0            381              0
0            382              0
0            383              0
0            384              0
0            385              0
0            386              0
0            387              0
0            388              0
0            389              0
0            390              0
0            391              0
0            392              0
0            393              0
0            394              0
0            395              0
0            396              0
0            397              0
0            398              0
0            399              0
0            400              0
0            401              0
0            402              0
0            403              0
0            404              0
0            405              0
0            406              0
0            407              0
0            408              0
0            409              0
0            410              0
0            411    4.5051e-308
0            412   1.45411e-300
0            413   3.57886e-293
0            414   8.49759e-286
0            415   1.88055e-278
0            416   3.91653e-271
0            417   7.53927e-264
0            418   1.31525e-256
0            419   2.10264e-249
0            420   3.02021e-242
0            421   3.83216e-235
0            422   4.27021e-228
0            423   4.21494e-221
0            424   3.59064e-214
0            425   2.63171e-207
0            426   1.66026e-200
0            427   9.12058e-194
0            428   4.36837e-187
0            429   1.97279e-180
0            430   8.87431e-174
0            431   4.41606e-167
0            432   2.34766e-160
0            433   1.26564e-153
0            434   6.00236e-147
0            435   2.42739e-140
0            436    7.7765e-134
0            437   1.93392e-127
0            438   3.72595e-121
0            439   5.40347e-115
0            440   5.92822e-109
0            441   4.84841e-103
0            442     2.9139e-97
0            443    1.28116e-91
0            444    4.09719e-86
0            445    9.40523e-81
0            446     1.5421e-75
0            447    1.78379e-70
0            448    1.46843e-65
0            449    8.46674e-61
0            450    3.40772e-56
0            451    9.74602e-52
0            452    1.95301e-47
0            453    2.73582e-43
0            454    2.64804e-39
0            455    1.75663e-35
0            456     7.9362e-32
0            457    2.41154e-28
0            458    4.91012e-25
0            459     6.6116e-22
0            460    5.93659e-19
0            461    3.51731e-16
0            462    1.35706e-13
0            463    3.39676e-11
0            464    5.45799e-09
0            465    5.58066e-07
0            466      3.561e-05
0            467     0.00138398
0            468      0.0314222
0            469       0.392552
0            470        2.52649
0            471        7.92759
0            472        11.6552
0            473        7.92917
0            474        2.52638
0            475       0.392699
0            476      0.0314194
0            477     0.00138744
0            478    3.56846e-05
0            479    5.60136e-07
0            480    5.47573e-09
0            481    3.41287e-11
0            482     1.3596e-13
0            483    3.51736e-16
0            484    5.93682e-19
0            485    6.58249e-22
0            486    4.82444e-25
0            487    2.36475e-28
0            488    7.75406e-32
0            489    1.71645e-35
0            490    2.60023e-39
0            491    2.74254e-43
0            492    2.00754e-47
0            493    1.03077e-51
0            494    3.72693e-56
0            495    9.38222e-61
0            496    1.66518e-65
0            497       2.04e-70
0            498    1.76251e-75
0            499    1.07577e-80
0            500    4.66607e-86
0            501    1.43933e-91
0            502    3.16946e-97
0            503   5.14113e-103
0            504   6.05497e-109
0            505   5.30327e-115
0            506   3.45033e-121
0            507   1.68528e-127
0            508   6.31267e-134
0            509    1.7984e-140
0            510   3.99975e-147
0            511   7.11202e-154
0            512    1.0538e-160
0            513   1.37619e-167
0            514   1.79181e-174
0            515   2.69374e-181
0            516   4.76321e-188
0            517   8.65489e-195
0            518    1.4774e-201
0            519   2.20246e-208
0            520   2.87743e-215
0            521   3.24599e-222
0            522   3.18753e-229
0            523   2.73155e-236
0            524   2.08704e-243
0            525   1.40165e-250
0            526    8.4632e-258
0            527   4.74842e-265
0            528   2.39414e-272
0            529   1.13235e-279
0            530   4.94913e-287
0            531   2.04754e-294
0            532   8.13756e-302
0            533              0
0            534              0
0            535              0
0            536              0
0            537              0
0            538              0
0            539              0
0            540              0
0            541              0
0            542              0
0            543              0
0            544              0
0            545    1.23801e-48
0            546    2.49701e-48
0            547      3.937e-48
0            548    1.24146e-47
0            549    4.49452e-47
0            550    8.68849e-47
0            551    3.10382e-47
0            552    1.90818e-47
0            553    2.05798e-48
0            554    4.40263e-30
0            555    7.97353e-30
0            556     1.2829e-29
0            557    2.84075e-29
0            558    5.31868e-29
0            559    5.35565e-29
0            560    2.47156e-29
0            561    6.70468e-30
0            562    1.51462e-30
0            563    9.55576e-14
0            564    1.30433e-13
0            565    1.81468e-13
0            566    2.92583e-13
0            567    4.45341e-13
0            568    2.97181e-13
0            569    9.21038e-14
0            570    1.70969e-14
0            571    7.50066e-16
0            572      0.0705227
0            573      0.0735379
0            574      0.0761371
0            575      0.0756999
0            576      0.0553941
0            577      0.0187746
0            578     0.00377632
0            579    0.000385727
0            580    7.87632e-06
0            581        119.832
0            582        116.149
0            583        108.919
0            584        85.3347
0            585        41.9598
0            586        9.95623
0            587        1.60708
0            588       0.155341
0            589     0.00240942
0            590    3.30472e-06
0            591    3.81078e-06
0            592    4.49849e-06
0            593    5.83668e-06
0            594    6.22962e-06
0            595    3.04947e-06
0            596    7.42937e-07
0            597     9.5734e-08
0            598    4.15171e-09
