0              0    2.74171e-50
0              1    1.00336e-49
0              2    3.89045e-49
0              3    1.57845e-48
0              4    6.81525e-48
0              5    3.04588e-47
0              6     1.4411e-46
0              7    7.25037e-46
0              8    3.77081e-45
0              9    2.07312e-44
0             10    1.19985e-43
0             11    7.20856e-43
0             12    4.57157e-42
0             13    3.05013e-41
0             14    2.11118e-40
0             15    1.54876e-39
0             16     1.1817e-38
0             17    9.35527e-38
0             18    7.72751e-37
0             19    6.64656e-36
0             20    5.98379e-35
0             21    5.54059e-34
0             22     5.3576e-33
0             23    5.45183e-32
0             24    5.63342e-31
0             25    6.11895e-30
0             26    6.89987e-29
0             27    7.94032e-28
0             28    9.48833e-27
0             29    1.15874e-25
0             30     1.4701e-24
0             31    1.90516e-23
0             32    2.47851e-22
0             33    3.28958e-21
0             34    4.45067e-20
0             35    6.03728e-19
0             36    8.20186e-18
0             37    1.11576e-16
0             38    1.49484e-15
0             39    1.99761e-14
0             40    2.66371e-13
0             41     3.4213e-12
0             42    4.27076e-11
0             43    5.17947e-10
0             44     6.0534e-09
0             45    6.59031e-08
0             46    6.73802e-07
0             47    6.50392e-06
0             48    5.72905e-05
0             49      0.0004586
0             50     0.00328264
0             51      0.0210846
0             52       0.118257
0             53       0.570028
0             54        2.36619
0             55        8.31108
0             56        24.4268
0             57        59.7883
0             58        120.596
0             59        199.402
0             60        270.268
0             61        298.576
0             62        269.145
0             63        198.287
0             64        119.933
0             65        59.6249
0             66        24.6328
0             67        8.53841
0             68        2.47493
0             69       0.617511
0             70       0.132723
0             71      0.0247715
0             72     0.00411567
0             73    0.000611477
0             74    8.28244e-05
0             75    1.02552e-05
0             76    1.18287e-06
0             77    1.30574e-07
0             78    1.36244e-08
0             79    1.35775e-09
0             80    1.30713e-10
0             81    1.20653e-11
0             82    1.07828e-12
0             83    9.47549e-14
0             84    8.05977e-15
0             85    6.76777e-16
0             86    5.72857e-17
0             87    4.79377e-18
0             88    4.01639e-19
0             89    3.33239e-20
0             90    2.80564e-21
0             91    6.77353e-77
0             92    5.04206e-76
0             93     4.0477e-75
0             94    3.51649e-74
0             95    3.27411e-73
0             96    3.30099e-72
0             97    3.60684e-71
0             98    4.19087e-70
0             99    5.25069e-69
0            100    7.10718e-68
0            101    1.03677e-66
0            102    1.61317e-65
0            103    2.70245e-64
0            104    4.78184e-63
0            105    9.09555e-62
0            106    1.81786e-60
0            107    3.86624e-59
0            108    8.65204e-58
0            109    2.03279e-56
0            110    5.01892e-55
0            111     1.3003e-53
0            112     3.5001e-52
0            113    9.83286e-51
0            114    2.84035e-49
0            115    8.71251e-48
0            116    2.75294e-46
0            117    9.13846e-45
0            118    3.21215e-43
0            119    1.19254e-41
0            120    4.70537e-40
0            121    1.95204e-38
0            122    8.47907e-37
0            123    3.83249e-35
0            124    1.78977e-33
0            125    8.38783e-32
0            126    3.98625e-30
0            127    1.89854e-28
0            128    9.08102e-27
0            129    4.31547e-25
0            130    2.03514e-23
0            131    9.47436e-22
0            132     4.2371e-20
0            133    1.85344e-18
0            134    7.59294e-17
0            135    2.96627e-15
0            136    1.07018e-13
0            137    3.53172e-12
0            138    1.05514e-10
0            139    2.78155e-09
0            140    6.49593e-08
0            141      1.305e-06
0            142    2.26548e-05
0            143     0.00032978
0            144     0.00398157
0            145      0.0391477
0            146        0.30481
0            147        1.83022
0            148        8.25535
0            149        27.3494
0            150        65.1875
0            151        110.195
0            152        131.304
0            153        109.923
0            154        64.8952
0            155        27.2492
0            156         8.2668
0            157        1.85067
0            158       0.311446
0            159      0.0410625
0            160     0.00427892
0            161    0.000366876
0            162    2.63043e-05
0            163    1.61191e-06
0            164    8.60226e-08
0            165    4.03839e-09
0            166    1.69097e-10
0            167    6.39048e-12
0            168    2.17491e-13
0            169    6.77647e-15
0            170    1.94761e-16
0            171    5.21139e-18
0            172     1.3061e-19
0            173    3.09699e-21
0            174    7.03841e-23
0            175     1.5401e-24
0            176    3.24191e-26
0            177    6.78605e-28
0            178    1.40104e-29
0            179    2.92439e-31
0            180    6.13193e-33
0            181    1.31303e-34
0            182   3.32567e-121
0            183   7.13268e-120
0            184   1.76003e-118
0            185   4.96332e-117
0            186   1.58762e-115
0            187   5.82437e-114
0            188   2.43295e-112
0            189   1.16113e-110
0            190   6.34873e-109
0            191   3.90966e-107
0            192   2.72669e-105
0            193   2.15206e-103
0            194   1.92065e-101
0            195    1.91172e-99
0            196    2.13004e-97
0            197     2.6251e-95
0            198    3.60447e-93
0            199    5.41199e-91
0            200    8.94734e-89
0            201    1.59289e-86
0            202    3.05806e-84
0            203    6.30983e-82
0            204    1.38315e-79
0            205    3.22475e-77
0            206     7.8265e-75
0            207    2.00065e-72
0            208    5.35153e-70
0            209     1.4821e-67
0            210    4.35494e-65
0            211    1.37467e-62
0            212    4.70544e-60
0            213    1.79942e-57
0            214    7.52953e-55
0            215    3.32905e-52
0            216    1.51628e-49
0            217    6.76143e-47
0            218    2.85556e-44
0            219    1.11391e-41
0            220    4.01184e-39
0            221    1.29592e-36
0            222    3.77584e-34
0            223    1.00822e-31
0            224    2.47339e-29
0            225    5.83203e-27
0            226      1.305e-24
0            227    2.72928e-22
0            228    5.11325e-20
0            229    8.28452e-18
0            230     1.1376e-15
0            231    1.28488e-13
0            232    1.19998e-11
0            233    8.99097e-10
0            234    5.32468e-08
0            235    2.44759e-06
0            236    8.42126e-05
0            237     0.00212924
0            238      0.0380463
0            239       0.455439
0            240        3.41477
0            241        15.1549
0            242        37.8127
0            243        51.4297
0            244        37.7475
0            245        15.1071
0            246        3.40966
0            247       0.454582
0            248      0.0381439
0            249     0.00215117
0            250    8.54082e-05
0            251    2.50482e-06
0            252    5.53364e-08
0            253    9.42552e-10
0            254    1.26721e-11
0            255    1.36485e-13
0            256     1.2262e-15
0            257    9.55359e-18
0            258    6.66716e-20
0            259    4.23078e-22
0            260    2.43718e-24
0            261    1.24155e-26
0            262    5.60451e-29
0            263    2.24311e-31
0            264    8.01307e-34
0            265    2.54144e-36
0            266    7.37102e-39
0            267    1.96703e-41
0            268    4.88696e-44
0            269    1.18465e-46
0            270    2.85838e-49
0            271    7.33013e-52
0            272    2.05308e-54
0            273   2.06987e-196
0            274   2.85289e-194
0            275   5.04438e-192
0            276   1.14404e-189
0            277   3.28506e-187
0            278    1.2015e-184
0            279   5.47888e-182
0            280   3.15271e-179
0            281   2.27316e-176
0            282   2.02756e-173
0            283   2.22445e-170
0            284   3.03438e-167
0            285   5.01516e-164
0            286   1.01523e-160
0            287   2.49075e-157
0            288   7.35794e-154
0            289   2.60075e-150
0            290   1.09189e-146
0            291    5.4575e-143
0            292   3.23239e-139
0            293   2.21331e-135
0            294   1.76701e-131
0            295   1.61823e-127
0            296   1.69645e-123
0            297   1.97283e-119
0            298   2.50995e-115
0            299   3.49919e-111
0            300   5.12147e-107
0            301   7.73745e-103
0            302    1.19612e-98
0            303    1.84332e-94
0            304     2.7604e-90
0            305    3.94829e-86
0            306    5.30143e-82
0            307    6.47101e-78
0            308    7.06042e-74
0            309    6.78507e-70
0            310    5.66259e-66
0            311    3.99606e-62
0            312     2.4576e-58
0            313    1.39904e-54
0            314     8.9354e-51
0            315    7.18702e-47
0            316    6.07335e-43
0            317     4.2757e-39
0            318    2.23033e-35
0            319    8.14197e-32
0            320    2.03816e-28
0            321    3.53219e-25
0            322    4.36327e-22
0            323    4.02008e-19
0            324    2.80192e-16
0            325    1.43821e-13
0            326    5.06142e-11
0            327    1.16834e-08
0            328     1.6922e-06
0            329    0.000149109
0            330     0.00754635
0            331       0.199749
0            332        2.40227
0            333        11.4175
0            334        19.4241
0            335        11.4262
0            336        2.40915
0            337       0.200757
0            338     0.00762085
0            339    0.000151795
0            340    1.74373e-06
0            341    1.22031e-08
0            342    5.47697e-11
0            343    1.63778e-13
0            344    3.37579e-16
0            345    4.90447e-19
0            346    5.04988e-22
0            347     3.6339e-25
0            348    1.82299e-28
0            349    6.49351e-32
0            350    1.69901e-35
0            351    3.48374e-39
0            352     6.4789e-43
0            353    1.35316e-46
0            354    3.45271e-50
0            355    8.92655e-54
0            356    2.02366e-57
0            357    3.78835e-61
0            358    5.91789e-65
0            359    7.71609e-69
0            360    8.61972e-73
0            361    8.40099e-77
0            362    7.32985e-81
0            363    5.81818e-85
0            364              0
0            365              0
0            366              0
0            367              0
0            368              0
0            369              0
0            370              0
0            371              0
0            372              0
0            373              0
0            374              0
0            375              0
0            376              0
0            377   2.03786e-307
0            378   5.41499e-305
0            379    1.4917e-302
0            380   4.45719e-300
0            381   1.46017e-297
0            382   5.15048e-295
0            383   2.00539e-292
0            384   8.43822e-290
0            385   3.84535e-287
0            386    1.8966e-284
0            387   1.02029e-281
0            388   5.89438e-279
0            389   3.69302e-276
0            390   2.50152e-273
0            391   1.82376e-270
0            392    1.4368e-267
0            393    1.2112e-264
0            394   1.10128e-261
0            395   1.07313e-258
0            396   1.11363e-255
0            397   1.23783e-252
0            398   1.47846e-249
0            399   1.88847e-246
0            400   2.58562e-243
0            401   3.78206e-240
0            402   6.00078e-237
0            403   1.03296e-233
0            404   1.94651e-230
0            405   4.05595e-227
0            406   9.32207e-224
0            407   2.38775e-220
0            408   6.67775e-217
0            409   2.02386e-213
0            410    6.6431e-210
0            411     2.323e-206
0            412   8.59304e-203
0            413     3.292e-199
0            414   1.32192e-195
0            415   5.45999e-192
0            416   2.33262e-188
0            417   1.02053e-184
0            418   4.53052e-181
0            419   2.05252e-177
0            420   9.40443e-174
0            421   4.31832e-170
0            422   1.98517e-166
0            423   9.19027e-163
0            424   4.21295e-159
0            425   1.91073e-155
0            426   8.56727e-152
0            427   3.79098e-148
0            428   1.63189e-144
0            429   6.92674e-141
0            430   2.83988e-137
0            431   1.14172e-133
0            432   4.41218e-130
0            433   1.67946e-126
0            434   6.14283e-123
0            435   2.21034e-119
0            436   7.68621e-116
0            437   2.59163e-112
0            438   8.49248e-109
0            439   2.66376e-105
0            440   7.98915e-102
0            441    2.26172e-98
0            442    5.96068e-95
0            443    1.45177e-91
0            444    3.24296e-88
0            445    6.58079e-85
0            446    1.20606e-81
0            447     1.9751e-78
0            448     2.9013e-75
0            449     3.7673e-72
0            450    4.29774e-69
0            451    4.34357e-66
0            452    3.85356e-63
0            453    3.01508e-60
0            454    2.09524e-57
0            455    1.31932e-54
0            456    7.77529e-52
0            457    4.40746e-49
0            458    2.43471e-46
0            459    1.27478e-43
0            460    6.15184e-41
0            461    2.62276e-38
0            462    9.56467e-36
0            463    2.94351e-33
0            464    7.56637e-31
0            465    1.62178e-28
0            466    2.88072e-26
0            467    4.25812e-24
0            468    5.26109e-22
0            469    5.44514e-20
0            470    4.72471e-18
0            471    3.46191e-16
0            472    2.12504e-14
0            473    1.09641e-12
0            474    4.71184e-11
0            475    1.66546e-09
0            476    4.83536e-08
0            477    1.13669e-06
0            478    2.15038e-05
0            479    0.000322063
0            480     0.00375675
0            481      0.0330592
0            482       0.212362
0            483       0.953412
0            484        2.87946
0            485        5.66511
0            486        7.11278
0            487        5.66096
0            488        2.87575
0            489       0.951321
0            490       0.211629
0            491      0.0329813
0            492     0.00374302
0            493    0.000321263
0            494     2.1473e-05
0            495    1.13777e-06
0            496    4.86746e-08
0            497    1.68977e-09
0            498    4.83065e-11
0            499    1.14452e-12
0            500    2.25695e-14
0            501    3.70605e-16
0            502    5.05729e-18
0            503     5.7648e-20
0            504    5.42904e-22
0            505    4.23653e-24
0            506    2.72651e-26
0            507    1.45037e-28
0            508    6.43306e-31
0            509     2.3852e-33
0            510    7.55744e-36
0            511    2.11528e-38
0            512    5.49743e-41
0            513    1.39086e-43
0            514    3.51294e-46
0            515    8.65943e-49
0            516    1.99061e-51
0            517    4.08996e-54
0            518    7.41327e-57
0            519    1.16403e-59
0            520    1.59508e-62
0            521    1.89709e-65
0            522    1.97219e-68
0            523    1.78953e-71
0            524    1.43569e-74
0            525    1.01119e-77
0            526    6.33198e-81
0            527    3.57288e-84
0            528    1.79696e-87
0            529    8.22148e-91
0            530    3.41118e-94
0            531    1.30206e-97
0            532   4.62858e-101
0            533   1.54526e-104
0            534   4.87067e-108
0            535   1.48037e-111
0            536   4.35364e-115
0            537   1.24639e-118
0            538   3.48211e-122
0            539    9.5427e-126
0            540   2.57903e-129
0            541   6.74351e-133
0            542   1.71879e-136
0            543   4.25869e-140
0            544   1.03376e-143
0            545     8.0129e-43
0            546    1.25692e-42
0            547    1.94172e-42
0            548    4.85844e-42
0            549    1.27114e-41
0            550    3.09752e-41
0            551    3.94696e-41
0            552    5.67376e-41
0            553     2.8079e-41
0            554    3.07246e-31
0            555    3.93014e-31
0            556    5.74641e-31
0            557    1.27048e-30
0            558    2.62735e-30
0            559    4.80925e-30
0            560    5.18281e-30
0            561     5.7503e-30
0            562    1.28153e-30
0            563    1.66271e-19
0            564    2.12115e-19
0            565    2.81043e-19
0            566    4.73235e-19
0            567     8.5077e-19
0            568    1.03462e-18
0            569    9.13035e-19
0            570    4.14563e-19
0            571    1.05941e-19
0            572    1.01704e-08
0            573    1.16662e-08
0            574    1.37303e-08
0            575    1.76956e-08
0            576    2.29706e-08
0            577    1.71107e-08
0            578    8.86286e-09
0            579    2.23058e-09
0            580    2.77624e-10
0            581       0.775069
0            582       0.778214
0            583       0.774319
0            584        0.71064
0            585       0.512289
0            586       0.210713
0            587      0.0648436
0            588      0.0122338
0            589     0.00126393
0            590        95.2767
0            591        92.7721
0            592        88.2244
0            593        72.3973
0            594        40.9709
0            595        13.0546
0            596        3.20243
0            597       0.639011
0            598      0.0514939
