0              0    5.00901e-26
0              1    6.23621e-25
0              2    8.06371e-24
0              3    1.04753e-22
0              4    1.37499e-21
0              5    1.78254e-20
0              6    2.32866e-19
0              7    3.01103e-18
0              8    3.77913e-17
0              9    4.70873e-16
0             10    5.75744e-15
0             11    6.84715e-14
0             12    8.00191e-13
0             13    9.08859e-12
0             14    9.92953e-11
0             15    1.06241e-09
0             16    1.08742e-08
0             17    1.05085e-07
0             18    9.63225e-07
0             19    8.25575e-06
0             20    6.62636e-05
0             21    0.000485767
0             22     0.00323292
0             23      0.0195838
0             24       0.103741
0             25       0.483455
0             26        1.95332
0             27        6.69827
0             28        19.4414
0             29        47.1103
0             30        94.9926
0             31        157.664
0             32        213.988
0             33        237.572
0             34        215.135
0             35        159.017
0             36        96.0505
0             37         47.606
0             38        19.5458
0             39        6.64414
0             40        1.88762
0             41       0.457535
0             42      0.0946282
0             43      0.0169274
0             44     0.00263645
0             45    0.000369291
0             46     4.6571e-05
0             47    5.27832e-06
0             48    5.57179e-07
0             49     5.5437e-08
0             50    5.23016e-09
0             51    4.64577e-10
0             52    4.01179e-11
0             53    3.37294e-12
0             54    2.72429e-13
0             55    2.14729e-14
0             56     1.6553e-15
0             57    1.25013e-16
0             58    9.42082e-18
0             59    7.11544e-19
0             60    5.30786e-20
0             61    3.98847e-21
0             62    3.07315e-22
0             63    2.39128e-23
0             64    1.91001e-24
0             65     1.5407e-25
0             66    1.27917e-26
0             67    1.10681e-27
0             68    9.65744e-29
0             69    8.83482e-30
0             70    8.39913e-31
0             71    8.19018e-32
0             72    8.34893e-33
0             73    8.84188e-34
0             74    9.75832e-35
0             75    1.11439e-35
0             76    1.32104e-36
0             77    1.65656e-37
0             78    2.14833e-38
0             79      2.918e-39
0             80    4.16787e-40
0             81    6.15865e-41
0             82    9.53575e-42
0             83    1.55502e-42
0             84    2.61042e-43
0             85    4.63147e-44
0             86    8.67503e-45
0             87    1.67686e-45
0             88    3.43319e-46
0             89    7.32858e-47
0             90    1.65549e-47
0             91    5.07936e-41
0             92    1.84283e-39
0             93    6.87636e-38
0             94     2.6261e-36
0             95    1.04565e-34
0             96    4.30586e-33
0             97    1.86991e-31
0             98    8.34675e-30
0             99    3.83929e-28
0            100    1.80684e-26
0            101    8.54657e-25
0            102    3.99667e-23
0            103     1.8289e-21
0            104    8.06056e-20
0            105    3.38751e-18
0            106    1.32634e-16
0            107    4.83937e-15
0            108    1.62101e-13
0            109    4.91805e-12
0            110    1.34405e-10
0            111    3.27237e-09
0            112    7.01821e-08
0            113    1.32543e-06
0            114    2.13998e-05
0            115    0.000298809
0            116     0.00346984
0            117      0.0330638
0            118       0.251666
0            119        1.48488
0            120        6.62419
0            121        21.7637
0            122        51.6585
0            123         87.442
0            124        104.444
0            125        87.7119
0            126         51.935
0            127        21.8524
0            128        6.62304
0            129        1.47682
0            130       0.247699
0            131      0.0319367
0            132     0.00328807
0            133    0.000273453
0            134    1.90511e-05
0            135    1.11691e-06
0            136    5.66205e-08
0            137    2.51233e-09
0            138    9.85963e-11
0            139    3.52448e-12
0            140    1.13144e-13
0            141    3.38567e-15
0            142    9.27591e-17
0            143    2.38258e-18
0            144     5.7654e-20
0            145    1.32243e-21
0            146    2.93428e-23
0            147    6.37095e-25
0            148    1.38426e-26
0            149    3.00351e-28
0            150    6.67326e-30
0            151    1.51955e-31
0            152    3.52941e-33
0            153    8.34424e-35
0            154    2.02672e-36
0            155    5.04966e-38
0            156    1.30398e-39
0            157    3.49233e-41
0            158    9.56792e-43
0            159    2.77617e-44
0            160    8.25945e-46
0            161    2.56277e-47
0            162    8.24238e-49
0            163    2.77113e-50
0            164    9.74745e-52
0            165    3.57939e-53
0            166    1.37488e-54
0            167    5.58004e-56
0            168    2.36181e-57
0            169    1.06535e-58
0            170    5.04188e-60
0            171    2.54782e-61
0            172    1.36347e-62
0            173     7.8072e-64
0            174    4.80075e-65
0            175    3.16582e-66
0            176    2.20951e-67
0            177    1.66695e-68
0            178    1.35721e-69
0            179      1.184e-70
0            180    1.11671e-71
0            181    1.13736e-72
0            182    3.50107e-65
0            183    1.15416e-62
0            184     4.2253e-60
0            185     1.6905e-57
0            186    7.06846e-55
0            187    3.07097e-52
0            188    1.32891e-49
0            189    5.65048e-47
0            190     2.3378e-44
0            191    9.10009e-42
0            192    3.34963e-39
0            193    1.15913e-36
0            194    3.76377e-34
0            195    1.13296e-31
0            196    3.19182e-29
0            197    8.26954e-27
0            198    1.93197e-24
0            199    3.97657e-22
0            200    7.07408e-20
0            201    1.06246e-17
0            202    1.35057e-15
0            203    1.43656e-13
0            204    1.25871e-11
0            205    9.00563e-10
0            206    5.08598e-08
0            207    2.23832e-06
0            208    7.47271e-05
0            209     0.00183304
0            210      0.0320228
0            211       0.375951
0            212         2.7813
0            213        12.2211
0            214        30.3215
0            215         41.202
0            216        30.3442
0            217        12.2258
0            218        2.77921
0            219       0.374489
0            220      0.0315927
0            221      0.0017902
0            222    7.16479e-05
0            223    2.09567e-06
0            224    4.65476e-08
0            225     7.9051e-10
0            226    1.06036e-11
0            227    1.14229e-13
0            228    1.00773e-15
0            229    7.43496e-18
0            230    4.63748e-20
0            231      2.532e-22
0            232     1.2075e-24
0            233    5.20869e-27
0            234    2.04568e-29
0            235    7.30381e-32
0            236    2.41492e-34
0            237    7.28119e-37
0            238    2.01239e-39
0            239     5.1581e-42
0            240    1.26168e-44
0            241    2.96573e-47
0            242    6.90777e-50
0            243    1.65688e-52
0            244     4.1172e-55
0            245    1.08071e-57
0            246    3.00689e-60
0            247    8.67315e-63
0            248    2.61135e-65
0            249    8.23573e-68
0            250    2.68518e-70
0            251    9.25557e-73
0            252    3.36734e-75
0            253    1.30937e-77
0            254    5.47074e-80
0            255    2.44721e-82
0            256    1.19507e-84
0            257    6.32917e-87
0            258    3.68099e-89
0            259    2.33503e-91
0            260    1.63124e-93
0            261    1.24685e-95
0            262    1.05733e-97
0            263   9.96462e-100
0            264    1.0463e-101
0            265    1.2181e-103
0            266   1.60631e-105
0            267   2.40051e-107
0            268   4.06674e-109
0            269   7.91662e-111
0            270   1.75284e-112
0            271   4.46349e-114
0            272   1.31161e-115
0            273   1.21101e-100
0            274    1.58169e-96
0            275    2.04121e-92
0            276    2.56519e-88
0            277    3.05904e-84
0            278    3.40546e-80
0            279     3.4354e-76
0            280    3.12663e-72
0            281    2.48847e-68
0            282    1.71647e-64
0            283      1.006e-60
0            284    5.12659e-57
0            285    2.40752e-53
0            286    1.17659e-49
0            287    6.12645e-46
0            288    3.01041e-42
0            289    1.22243e-38
0            290     3.8476e-35
0            291    9.38327e-32
0            292    1.84214e-28
0            293    2.98447e-25
0            294    3.93083e-22
0            295    3.98465e-19
0            296     2.9297e-16
0            297    1.47554e-13
0            298    4.96268e-11
0            299    1.09284e-08
0            300    1.52415e-06
0            301    0.000129444
0            302     0.00634877
0            303        0.16331
0            304        1.92232
0            305        9.02059
0            306        15.2896
0            307        9.03831
0            308         1.9286
0            309       0.163924
0            310     0.00636118
0            311     0.00012975
0            312    1.52261e-06
0            313     1.0948e-08
0            314    4.97675e-11
0            315    1.48136e-13
0            316    2.96469e-16
0            317    4.06841e-19
0            318    3.85816e-22
0            319    2.56389e-25
0            320    1.22377e-28
0            321     4.3132e-32
0            322    1.17148e-35
0            323    2.61989e-39
0            324    5.41525e-43
0            325    1.19666e-46
0            326    3.02638e-50
0            327    7.70785e-54
0            328    1.77638e-57
0            329    3.49463e-61
0            330     5.7924e-65
0            331    8.11671e-69
0            332    9.86365e-73
0            333     1.0555e-76
0            334    1.01091e-80
0            335    8.87892e-85
0            336    7.32823e-89
0            337    5.73837e-93
0            338     4.3433e-97
0            339    3.3076e-101
0            340   2.53909e-105
0            341   1.99553e-109
0            342    1.6639e-113
0            343   1.48328e-117
0            344   1.44404e-121
0            345    1.5365e-125
0            346   1.84399e-129
0            347   2.52397e-133
0            348   3.95756e-137
0            349    7.2017e-141
0            350   1.53719e-144
0            351   3.88769e-148
0            352   1.18222e-151
0            353   4.28734e-155
0            354   1.90788e-158
0            355     1.033e-161
0            356    6.8704e-165
0            357   5.69301e-168
0            358   5.93978e-171
0            359   7.71635e-174
0            360   1.27729e-176
0            361   2.67939e-179
0            362   7.21593e-182
0            363   2.49216e-184
0            364   4.57127e-166
0            365   1.40883e-162
0            366   4.36586e-159
0            367   1.34481e-155
0            368   4.11067e-152
0            369   1.23127e-148
0            370    3.6621e-145
0            371   1.06921e-141
0            372   3.03906e-138
0            373   8.37039e-135
0            374   2.22729e-131
0            375   5.73701e-128
0            376   1.40947e-124
0            377   3.30935e-121
0            378   7.41035e-118
0            379   1.57165e-114
0            380   3.12456e-111
0            381   5.85944e-108
0            382   1.01762e-104
0            383   1.65841e-101
0            384    2.50369e-98
0            385    3.46179e-95
0            386    4.41617e-92
0            387    5.13557e-89
0            388    5.44728e-86
0            389    5.23221e-83
0            390    4.56812e-80
0            391    3.58663e-77
0            392    2.56631e-74
0            393    1.68411e-71
0            394    1.05766e-68
0            395     6.7868e-66
0            396    4.73401e-63
0            397    3.56645e-60
0            398    2.72176e-57
0            399    1.96038e-54
0            400    1.28085e-51
0            401    7.44812e-49
0            402    3.87527e-46
0            403    1.79549e-43
0            404    7.38914e-41
0            405    2.70119e-38
0            406    8.64927e-36
0            407    2.43098e-33
0            408    5.89253e-31
0            409    1.22578e-28
0            410    2.18111e-26
0            411    3.30431e-24
0            412    4.24593e-22
0            413    4.56738e-20
0            414    4.13076e-18
0            415    3.10881e-16
0            416      1.947e-14
0            417    1.00959e-12
0            418      4.307e-11
0            419    1.51224e-09
0            420    4.33406e-08
0            421    1.00558e-06
0            422    1.87105e-05
0            423    0.000276284
0            424     0.00317023
0            425      0.0275025
0            426       0.174083
0            427       0.773045
0            428        2.31292
0            429         4.5268
0            430        5.67424
0            431        4.52642
0            432        2.31422
0            433       0.772859
0            434       0.174304
0            435       0.027514
0            436     0.00317181
0            437    0.000277124
0            438    1.87758e-05
0            439    1.00936e-06
0            440    4.34643e-08
0            441    1.51595e-09
0            442    4.31919e-11
0            443    1.00993e-12
0            444    1.94306e-14
0            445    3.09963e-16
0            446    4.11358e-18
0            447    4.57636e-20
0            448    4.28711e-22
0            449     3.4207e-24
0            450    2.34403e-26
0            451    1.36989e-28
0            452    6.86436e-31
0            453    2.94035e-33
0            454    1.07886e-35
0            455    3.38573e-38
0            456    9.10838e-41
0            457    2.11651e-43
0            458    4.27316e-46
0            459    7.61628e-49
0            460    1.19631e-51
0            461    1.67536e-54
0            462    2.14173e-57
0            463    2.56022e-60
0            464    3.05272e-63
0            465    3.91762e-66
0            466    5.59554e-69
0            467     8.4335e-72
0            468    1.24058e-74
0            469    1.69978e-77
0            470    2.12958e-80
0            471    2.40628e-83
0            472      2.473e-86
0            473    2.29923e-89
0            474    1.93795e-92
0            475    1.50697e-95
0            476    1.06628e-98
0            477   7.02695e-102
0            478   4.25482e-105
0            479    2.4109e-108
0            480   1.26679e-111
0            481    6.2944e-115
0            482   2.92883e-118
0            483   1.29466e-121
0            484   5.44635e-125
0            485   2.18561e-128
0            486   8.38632e-132
0            487   3.12116e-135
0            488   1.12172e-138
0            489   3.90176e-142
0            490    1.3246e-145
0            491   4.42912e-149
0            492   1.45073e-152
0            493   4.69705e-156
0            494   1.51636e-159
0            495   4.85536e-163
0            496   1.56744e-166
0            497   5.03412e-170
0            498   1.63636e-173
0            499   5.39198e-177
0            500    1.8156e-180
0            501     6.215e-184
0            502    2.1653e-187
0            503   7.81784e-191
0            504   2.90153e-194
0            505    1.1188e-197
0            506   4.48244e-201
0            507   1.86976e-204
0            508    8.2005e-208
0            509   3.75135e-211
0            510   1.80741e-214
0            511   9.18999e-218
0            512   4.97445e-221
0            513   2.86444e-224
0            514   1.74626e-227
0            515   1.13672e-230
0            516   7.96837e-234
0            517   5.96837e-237
0            518   4.83208e-240
0            519   4.21576e-243
0            520    3.9839e-246
0            521    4.0977e-249
0            522   4.53639e-252
0            523   5.50999e-255
0            524   7.27562e-258
0            525   1.04668e-260
0            526    1.6361e-263
0            527   2.84863e-266
0            528   5.37333e-269
0            529   1.12092e-271
0            530   2.55705e-274
0            531   6.44266e-277
0            532   1.79589e-279
0            533    5.5341e-282
0            534   1.86775e-284
0            535    7.0324e-287
0            536   2.92621e-289
0            537   1.33658e-291
0            538   6.78788e-294
0            539   3.81776e-296
0            540   2.40241e-298
0            541   1.66507e-300
0            542   1.27696e-302
0            543    1.0821e-304
0            544   1.02349e-306
0            545       0.639945
0            546       0.639908
0            547         0.6329
0            548       0.581001
0            549       0.426129
0            550       0.176718
0            551      0.0496088
0            552      0.0120804
0            553    0.000899739
0            554        76.3633
0            555        74.2701
0            556        70.5211
0            557        57.8203
0            558        33.0443
0            559         10.359
0            560        2.46486
0            561       0.475677
0            562      0.0265347
0            563    0.000885499
0            564    0.000924398
0            565     0.00097472
0            566     0.00105533
0            567     0.00103412
0            568    0.000533398
0            569    0.000192781
0            570    4.82798e-05
0            571    3.74815e-06
0            572    4.67075e-13
0            573     5.2458e-13
0            574    6.36835e-13
0            575     9.2036e-13
0            576    1.40003e-12
0            577     1.2012e-12
0            578    7.55029e-13
0            579    2.90669e-13
0            580     4.2812e-14
0            581    2.62727e-24
0            582     3.1494e-24
0            583    4.30726e-24
0            584    7.42803e-24
0            585    1.43672e-23
0            586    2.04715e-23
0            587    1.82462e-23
0            588    1.15582e-23
0            589    2.59835e-24
0            590    3.39435e-36
0            591    7.17798e-36
0            592    1.29616e-35
0            593      2.599e-35
0            594    5.02488e-35
0            595    1.37649e-34
0            596    1.01504e-34
0            597    8.71854e-35
0            598    3.98559e-35
