0              0    2.11151e-24
0              1    7.69499e-23
0              2    2.76557e-21
0              3    9.39932e-20
0              4    3.04976e-18
0              5    9.27336e-17
0              6    2.71348e-15
0              7    7.43672e-14
0              8     1.8705e-12
0              9    4.41642e-11
0             10    9.58095e-10
0             11    1.87928e-08
0             12    3.34014e-07
0             13    5.26212e-06
0             14    7.21513e-05
0             15    0.000868978
0             16     0.00887625
0             17      0.0750802
0             18       0.522904
0             19        2.92748
0             20        13.0612
0             21        45.2382
0             22        120.505
0             23        245.875
0             24        377.213
0             25        435.906
0             26        377.708
0             27        245.963
0             28        120.665
0             29        44.9937
0             30        12.7884
0             31        2.81162
0             32       0.491323
0             33      0.0683564
0             34     0.00772239
0             35    0.000726853
0             36    5.74138e-05
0             37     3.8776e-06
0             38    2.29599e-07
0             39    1.17673e-08
0             40    5.33374e-10
0             41    2.21208e-11
0             42    8.25529e-13
0             43    2.82604e-14
0             44    8.84658e-16
0             45    2.64848e-17
0             46    7.49026e-19
0             47    1.97511e-20
0             48    5.11303e-22
0             49    1.32002e-23
0             50    3.39367e-25
0             51    8.60497e-27
0             52     2.2685e-28
0             53    6.18684e-30
0             54     1.7144e-31
0             55    4.92481e-33
0             56    1.45703e-34
0             57    4.42249e-36
0             58    1.39831e-37
0             59    4.57018e-39
0             60    1.50271e-40
0             61    5.05795e-42
0             62    1.77862e-43
0             63    6.37318e-45
0             64    2.37928e-46
0             65    9.03062e-48
0             66    3.56848e-49
0             67    1.50336e-50
0             68    6.42929e-52
0             69    2.93677e-53
0             70    1.42939e-54
0             71    7.23829e-56
0             72    3.91573e-57
0             73    2.25713e-58
0             74    1.38865e-59
0             75    9.08212e-61
0             76    6.32432e-62
0             77    4.82038e-63
0             78    3.90187e-64
0             79    3.43199e-65
0             80    3.28837e-66
0             81    3.34152e-67
0             82    3.68474e-68
0             83    4.42586e-69
0             84    5.60359e-70
0             85     7.8362e-71
0             86    1.19416e-71
0             87    1.91812e-72
0             88    3.40273e-73
0             89    6.48685e-74
0             90    1.34847e-74
0             91    5.90373e-41
0             92    1.71354e-38
0             93    5.06047e-36
0             94    1.46942e-33
0             95    4.16417e-31
0             96    1.08665e-28
0             97    2.60217e-26
0             98     5.4044e-24
0             99    9.70606e-22
0            100    1.49877e-19
0            101    1.96302e-17
0            102    2.16749e-15
0            103    2.01393e-13
0            104    1.56577e-11
0            105    1.00746e-09
0            106    5.23842e-08
0            107    2.18564e-06
0            108     7.1313e-05
0            109     0.00176497
0            110      0.0321872
0            111       0.414662
0            112        3.60833
0            113        20.4544
0            114        72.1598
0            115        156.136
0            116          202.4
0            117        156.611
0            118        72.6079
0            119        20.4901
0            120        3.60387
0            121       0.409676
0            122      0.0314135
0            123       0.001681
0            124    6.54455e-05
0            125    1.91369e-06
0            126    4.29069e-08
0            127    7.51852e-10
0            128    1.05041e-11
0            129    1.20071e-13
0            130    1.13875e-15
0            131    9.00664e-18
0            132    6.18325e-20
0            133    3.62166e-22
0            134    1.87442e-24
0            135     8.4514e-27
0            136    3.42763e-29
0            137    1.26593e-31
0            138    4.33052e-34
0            139     1.4573e-36
0            140    4.75332e-39
0            141    1.64184e-41
0            142    5.91103e-44
0            143    2.29699e-46
0            144    9.48192e-49
0            145    4.03301e-51
0            146      1.748e-53
0            147    7.56035e-56
0            148     3.2889e-58
0            149    1.40205e-60
0            150    6.07414e-63
0            151    2.66863e-65
0            152    1.19178e-67
0            153    5.41142e-70
0            154    2.55058e-72
0            155     1.2501e-74
0            156    6.50813e-77
0            157    3.60304e-79
0            158    2.08103e-81
0            159    1.33429e-83
0            160    9.12112e-86
0            161    6.79084e-88
0            162    5.50568e-90
0            163    4.96205e-92
0            164    4.97245e-94
0            165     5.5349e-96
0            166    6.84406e-98
0            167   9.59382e-100
0            168   1.48864e-101
0            169   2.66405e-103
0            170   5.27652e-105
0            171   1.20209e-106
0            172   3.08129e-108
0            173   9.05429e-110
0            174   3.05106e-111
0            175   1.17476e-112
0            176   5.03442e-114
0            177   2.46965e-115
0            178   1.39645e-116
0            179   8.82101e-118
0            180   6.39564e-119
0            181   5.24792e-120
0            182     1.2564e-68
0            183    1.50805e-64
0            184    1.64846e-60
0            185     1.6698e-56
0            186    1.54307e-52
0            187    1.33396e-48
0            188    1.00943e-44
0            189    6.41504e-41
0            190    3.31415e-37
0            191    1.31869e-33
0            192    4.06908e-30
0            193    9.59329e-27
0            194    1.69064e-23
0            195    2.13578e-20
0            196    1.91641e-17
0            197    1.18777e-14
0            198    4.98666e-12
0            199    1.39276e-09
0            200    2.51825e-07
0            201    2.83081e-05
0            202     0.00191818
0            203      0.0732884
0            204        1.44149
0            205        13.2703
0            206        52.0799
0            207        82.7213
0            208        52.0877
0            209        13.2637
0            210        1.43804
0            211      0.0725467
0            212     0.00188627
0            213    2.75802e-05
0            214    2.42375e-07
0            215     1.3501e-09
0            216    4.91479e-12
0            217    1.22836e-14
0            218    2.16116e-17
0            219    2.69164e-20
0            220    2.31667e-23
0            221    1.40512e-26
0            222    5.99624e-30
0            223    1.81532e-33
0            224    4.12376e-37
0            225    7.21955e-41
0            226    1.11979e-44
0            227    1.77667e-48
0            228    3.00678e-52
0            229    4.93696e-56
0            230      7.042e-60
0            231    8.66805e-64
0            232    8.87127e-68
0            233    7.89213e-72
0            234    6.15608e-76
0            235    4.24957e-80
0            236    2.73639e-84
0            237    1.63652e-88
0            238    9.33047e-93
0            239     5.2074e-97
0            240   2.96271e-101
0            241   1.70581e-105
0            242   1.01616e-109
0            243    6.5495e-114
0            244   4.48702e-118
0            245   3.40748e-122
0            246   2.91552e-126
0            247   2.76341e-130
0            248   3.01204e-134
0            249   3.84089e-138
0            250   5.61887e-142
0            251   9.76628e-146
0            252    2.0172e-149
0            253   5.03645e-153
0            254   1.51639e-156
0            255   5.49646e-160
0            256   2.48886e-163
0            257   1.37718e-166
0            258   9.66006e-170
0            259    8.3994e-173
0            260   9.21499e-176
0            261   1.26819e-178
0            262      2.23e-181
0            263   4.99525e-184
0            264   1.42132e-186
0            265   5.09272e-189
0            266   2.35093e-191
0            267   1.39001e-193
0            268    1.0453e-195
0            269   1.00461e-197
0            270   1.21463e-199
0            271   1.85742e-201
0            272   3.63782e-203
0            273   1.46962e-116
0            274   2.13726e-109
0            275   2.28219e-102
0            276    1.73788e-95
0            277     9.0473e-89
0            278    3.14886e-82
0            279    7.24217e-76
0            280    1.19348e-69
0            281    1.56429e-63
0            282    1.73844e-57
0            283    1.41203e-51
0            284    7.37187e-46
0            285    2.28508e-40
0            286     4.0729e-35
0            287    3.90995e-30
0            288     1.9103e-25
0            289    4.52334e-21
0            290     4.9816e-17
0            291    2.48613e-13
0            292    5.51564e-10
0            293    5.23518e-07
0            294    0.000201713
0            295      0.0287256
0            296        1.26801
0            297        13.7937
0            298        31.2078
0            299        13.7855
0            300         1.2636
0            301      0.0286485
0            302    0.000199814
0            303    5.09721e-07
0            304    5.24753e-10
0            305    2.30002e-13
0            306    4.46991e-17
0            307    4.03336e-21
0            308    1.73373e-25
0            309    3.69986e-30
0            310    4.06323e-35
0            311    2.48525e-40
0            312    9.00978e-46
0            313    2.10357e-51
0            314    3.19211e-57
0            315    3.22213e-63
0            316    2.24782e-69
0            317    1.14552e-75
0            318     4.2752e-82
0            319    1.13679e-88
0            320    2.12154e-95
0            321   2.76497e-102
0            322    2.5722e-109
0            323   1.77682e-116
0            324     9.435e-124
0            325   3.93268e-131
0            326   1.38241e-138
0            327     4.088e-146
0            328   1.09549e-153
0            329   2.75992e-161
0            330   6.68231e-169
0            331   1.61245e-176
0            332   4.13436e-184
0            333   1.18108e-191
0            334   4.10892e-199
0            335   2.07238e-206
0            336   1.74573e-213
0            337   2.24631e-220
0            338   3.81498e-227
0            339    8.2918e-234
0            340   2.19991e-240
0            341   7.15829e-247
0            342   2.98225e-253
0            343    1.5914e-259
0            344    1.1199e-265
0            345   1.02513e-271
0            346   1.27746e-277
0            347   2.19551e-283
0            348   5.19717e-289
0            349   1.71847e-294
0            350   8.03356e-300
0            351   5.36708e-305
0            352              0
0            353              0
0            354              0
0            355              0
0            356              0
0            357              0
0            358              0
0            359              0
0            360              0
0            361              0
0            362              0
0            363              0
0            364   8.61487e-210
0            365   2.76554e-203
0            366    8.4281e-197
0            367   2.36844e-190
0            368    6.0237e-184
0            369   1.33384e-177
0            370   2.59778e-171
0            371   4.33715e-165
0            372   6.08872e-159
0            373   7.21248e-153
0            374   7.29924e-147
0            375   6.59229e-141
0            376   5.52928e-135
0            377   4.51938e-129
0            378   3.53827e-123
0            379   2.46701e-117
0            380   1.42002e-111
0            381   6.57808e-106
0            382   2.33584e-100
0            383    6.44002e-95
0            384    1.34671e-89
0            385    2.09335e-84
0            386     2.4542e-79
0            387    2.12999e-74
0            388     1.3743e-69
0            389    6.51393e-65
0            390    2.27608e-60
0            391    5.72272e-56
0            392    1.03982e-51
0            393    1.33413e-47
0            394    1.20691e-43
0            395    7.63702e-40
0            396    3.36444e-36
0            397    1.02932e-32
0            398    2.20779e-29
0            399    3.32608e-26
0            400    3.52093e-23
0            401    2.60496e-20
0            402    1.35248e-17
0            403    4.86444e-15
0            404    1.19831e-12
0            405    2.00802e-10
0            406    2.24873e-08
0            407    1.67538e-06
0            408    8.09759e-05
0            409     0.00247448
0            410      0.0458738
0            411       0.487567
0            412        2.79157
0            413        8.13628
0            414        11.6743
0            415        8.13846
0            416        2.79039
0            417       0.487593
0            418      0.0459194
0            419     0.00247295
0            420    8.07852e-05
0            421    1.67316e-06
0            422    2.26065e-08
0            423    2.01917e-10
0            424     1.2089e-12
0            425    4.90325e-15
0            426    1.35999e-17
0            427    2.58786e-20
0            428    3.42931e-23
0            429    3.15389e-26
0            430    2.05042e-29
0            431    9.43041e-33
0            432    3.11982e-36
0            433    7.42969e-40
0            434    1.29924e-43
0            435    1.64699e-47
0            436    1.52926e-51
0            437     1.0441e-55
0            438    5.12674e-60
0            439    1.83615e-64
0            440    4.73436e-69
0            441    8.86757e-74
0            442    1.21624e-78
0            443    1.22404e-83
0            444    9.02713e-89
0            445    4.96911e-94
0            446    2.04084e-99
0            447   6.30379e-105
0            448   1.46883e-110
0            449   2.62862e-116
0            450   3.68391e-122
0            451   3.98344e-128
0            452   3.44136e-134
0            453   2.47985e-140
0            454   1.70727e-146
0            455   1.40043e-152
0            456   1.49386e-158
0            457     1.723e-164
0            458   1.81537e-170
0            459   1.67544e-176
0            460   1.30944e-182
0            461   8.71309e-189
0            462   5.06444e-195
0            463   2.53985e-201
0            464   1.11791e-207
0            465   4.34661e-214
0            466     1.508e-220
0            467   4.69945e-227
0            468   1.32055e-233
0            469   3.39863e-240
0            470   8.11863e-247
0            471   1.79011e-253
0            472   3.72786e-260
0            473   7.32828e-267
0            474   1.35345e-273
0            475   2.45571e-280
0            476   4.21487e-287
0            477   7.27368e-294
0            478   1.20762e-300
0            479   1.82594e-307
0            480              0
0            481              0
0            482              0
0            483              0
0            484              0
0            485              0
0            486              0
0            487              0
0            488              0
0            489              0
0            490              0
0            491              0
0            492              0
0            493              0
0            494              0
0            495              0
0            496              0
0            497              0
0            498              0
0            499              0
0            500              0
0            501              0
0            502              0
0            503              0
0            504              0
0            505              0
0            506              0
0            507              0
0            508              0
0            509              0
0            510              0
0            511              0
0            512              0
0            513              0
0            514              0
0            515              0
0            516              0
0            517              0
0            518              0
0            519              0
0            520              0
0            521              0
0            522              0
0            523              0
0            524              0
0            525              0
0            526              0
0            527              0
0            528              0
0            529              0
0            530              0
0            531              0
0            532              0
0            533              0
0            534              0
0            535              0
0            536              0
0            537              0
0            538              0
0            539              0
0            540              0
0            541              0
0            542              0
0            543              0
0            544              0
0            545        44.0342
0            546         42.976
0            547        40.9314
0            548        33.3005
0            549        17.7643
0            550         4.9745
0            551       0.905041
0            552       0.099745
0            553    0.000691626
0            554    2.10162e-07
0            555    2.45178e-07
0            556    2.97009e-07
0            557    4.00345e-07
0            558    4.63865e-07
0            559    2.71612e-07
0            560    8.78449e-08
0            561     1.2946e-08
0            562    2.93964e-10
0            563    2.33547e-21
0            564    3.10692e-21
0            565    4.85166e-21
0            566    9.70064e-21
0            567    1.96497e-20
0            568    1.82227e-20
0            569    1.26808e-20
0            570     2.5127e-21
0            571    1.49468e-22
0            572    2.85527e-38
0            573    4.86385e-38
0            574    8.28152e-38
0            575    1.86348e-37
0            576    5.43457e-37
0            577    9.85428e-37
0            578    6.51165e-37
0            579    1.92815e-37
0            580    1.24173e-38
0            581    1.82532e-55
0            582    6.51171e-55
0            583    1.14074e-54
0            584    1.61684e-54
0            585     1.9549e-54
0            586    6.78502e-54
0            587    4.99517e-54
0            588    1.33342e-54
0            589    1.17629e-55
0            590    5.21365e-72
0            591    2.31602e-71
0            592    3.68619e-71
0            593    4.35701e-71
0            594    1.72484e-71
0            595     8.4697e-71
0            596    1.01168e-70
0            597    8.91196e-71
0            598    1.39408e-72
