0              0     4.9662e-54
0              1    7.62808e-53
0              2    1.26622e-51
0              3    2.20662e-50
0              4    4.12056e-49
0              5    7.95799e-48
0              6    1.64404e-46
0              7    3.60481e-45
0              8     8.0907e-44
0              9    1.92155e-42
0             10    4.76883e-41
0             11    1.21353e-39
0             12    3.22812e-38
0             13    8.86814e-37
0             14     2.4675e-35
0             15     7.1677e-34
0             16    2.10643e-32
0             17    6.19826e-31
0             18    1.84753e-29
0             19     5.5322e-28
0             20    1.68508e-26
0             21    5.08805e-25
0             22      1.544e-23
0             23      4.797e-22
0             24     1.4407e-20
0             25    4.33081e-19
0             26     1.2784e-17
0             27    3.58109e-16
0             28    9.63479e-15
0             29    2.42842e-13
0             30     5.8091e-12
0             31    1.28845e-10
0             32    2.58159e-09
0             33    4.75119e-08
0             34    7.94532e-07
0             35    1.17905e-05
0             36    0.000154216
0             37     0.00175257
0             38      0.0168531
0             39        0.13704
0             40       0.923628
0             41        4.97785
0             42        21.3799
0             43        72.1217
0             44        188.625
0             45        375.526
0             46        569.413
0             47        654.867
0             48        568.863
0             49        374.611
0             50        188.026
0             51        71.9825
0             52        21.4045
0             53        5.02221
0             54       0.933214
0             55       0.140474
0             56      0.0174342
0             57     0.00180496
0             58    0.000159998
0             59    1.23536e-05
0             60    8.23903e-07
0             61    4.88495e-08
0             62    2.64233e-09
0             63    1.29515e-10
0             64     5.8981e-12
0             65    2.47371e-13
0             66    9.88002e-15
0             67    3.82671e-16
0             68    1.39797e-17
0             69    5.11521e-19
0             70    1.84567e-20
0             71    6.51369e-22
0             72    2.30681e-23
0             73    8.07989e-25
0             74    2.82077e-26
0             75    9.68216e-28
0             76    3.30544e-29
0             77    1.15925e-30
0             78    4.06611e-32
0             79    1.45659e-33
0             80    5.41696e-35
0             81    2.06068e-36
0             82    8.16215e-38
0             83    3.40991e-39
0             84    1.45303e-40
0             85    6.49404e-42
0             86    3.07358e-43
0             87    1.48858e-44
0             88     7.5799e-46
0             89    3.98196e-47
0             90    2.22357e-48
0             91    1.36654e-87
0             92    1.00388e-85
0             93     8.0302e-84
0             94    6.94661e-82
0             95    6.50717e-80
0             96    6.59069e-78
0             97    7.34521e-76
0             98    8.77549e-74
0             99    1.15241e-71
0            100    1.68071e-69
0            101     2.7119e-67
0            102    4.77146e-65
0            103    9.15733e-63
0            104    1.86053e-60
0            105    4.01718e-58
0            106    8.87776e-56
0            107    2.03346e-53
0            108    4.75164e-51
0            109    1.12718e-48
0            110    2.73093e-46
0            111    6.74915e-44
0            112    1.68066e-41
0            113    4.23204e-39
0            114    1.02908e-36
0            115    2.49092e-34
0            116    5.60101e-32
0            117    1.17363e-29
0            118    2.26029e-27
0            119     3.9286e-25
0            120    6.16518e-23
0            121    8.62696e-21
0            122    1.07273e-18
0            123    1.18494e-16
0            124     1.1446e-14
0            125     9.3662e-13
0            126    6.45914e-11
0            127    3.67202e-09
0            128     1.6977e-07
0            129    6.24038e-06
0            130    0.000179864
0            131     0.00398801
0            132      0.0650663
0            133        0.76684
0            134        6.15036
0            135         32.711
0            136        110.509
0            137        231.803
0            138         297.41
0            139        232.385
0            140        110.928
0            141        33.0197
0            142        6.23532
0            143       0.778514
0            144      0.0667729
0            145     0.00408623
0            146    0.000185942
0            147     6.4738e-06
0            148    1.77258e-07
0            149    3.86033e-09
0            150     6.8855e-11
0            151     1.0248e-12
0            152    1.27866e-14
0            153    1.35006e-16
0            154    1.22842e-18
0            155    9.70184e-21
0            156    6.80105e-23
0            157    4.30099e-25
0            158    2.44623e-27
0            159    1.33022e-29
0            160    6.71704e-32
0            161     3.3129e-34
0            162    1.60241e-36
0            163    7.73333e-39
0            164    3.73392e-41
0            165     1.7836e-43
0            166    8.40762e-46
0            167    3.93164e-48
0            168    1.78833e-50
0            169    8.12021e-53
0            170    3.65064e-55
0            171    1.65782e-57
0            172    7.59123e-60
0            173    3.56675e-62
0            174    1.74484e-64
0            175    8.91739e-67
0            176    4.70568e-69
0            177    2.67938e-71
0            178    1.63634e-73
0            179     1.0866e-75
0            180    7.90872e-78
0            181    6.40881e-80
0            182   2.96673e-145
0            183    4.1491e-142
0            184   6.80265e-139
0            185   1.29817e-135
0            186   2.81232e-132
0            187   7.07769e-129
0            188   2.01837e-125
0            189   6.54778e-122
0            190   2.42623e-118
0            191   9.92831e-115
0            192   4.55224e-111
0            193   2.33054e-107
0            194   1.32526e-103
0            195   8.13309e-100
0            196    5.40969e-96
0            197    3.79835e-92
0            198    2.79635e-88
0            199    2.11217e-84
0            200    1.63655e-80
0            201    1.26688e-76
0            202    9.96741e-73
0            203    7.98201e-69
0            204    6.45005e-65
0            205    5.26657e-61
0            206     4.1074e-57
0            207    3.01896e-53
0            208    2.00624e-49
0            209    1.15372e-45
0            210    5.71596e-42
0            211    2.34557e-38
0            212    7.63467e-35
0            213    1.94029e-31
0            214    3.71441e-28
0            215     5.2542e-25
0            216    5.56403e-22
0            217    4.34982e-19
0            218    2.50402e-16
0            219    1.04826e-13
0            220    3.16247e-11
0            221    6.53467e-09
0            222    9.01815e-07
0            223     8.0905e-05
0            224     0.00447034
0            225       0.145194
0            226        2.50535
0            227        20.8809
0            228        77.1888
0            229        119.974
0            230        76.9794
0            231        20.8307
0            232        2.49657
0            233       0.144967
0            234      0.0044876
0            235    8.03397e-05
0            236    8.96202e-07
0            237    6.42225e-09
0            238     3.0673e-11
0            239    1.01806e-13
0            240     2.4871e-16
0            241    4.57199e-19
0            242    6.42632e-22
0            243     6.8759e-25
0            244    5.45189e-28
0            245    3.22103e-31
0            246     1.4621e-34
0            247    5.22771e-38
0            248    1.58187e-41
0            249    4.28728e-45
0            250    1.03538e-48
0            251    2.25322e-52
0            252    4.28285e-56
0            253    7.14262e-60
0            254    1.05897e-63
0            255    1.39567e-67
0            256    1.70274e-71
0            257    1.94662e-75
0            258    2.13821e-79
0            259    2.27917e-83
0            260    2.42423e-87
0            261    2.57172e-91
0            262    2.83626e-95
0            263    3.33435e-99
0            264   4.30219e-103
0            265   6.15122e-107
0            266   1.02787e-110
0            267   2.00304e-114
0            268    4.4845e-118
0            269   1.16674e-121
0            270   3.39227e-125
0            271   1.12289e-128
0            272   4.24166e-132
0            273   2.51833e-248
0            274    1.0691e-242
0            275   6.05767e-237
0            276   4.54293e-231
0            277   4.37505e-225
0            278   5.37747e-219
0            279   8.07987e-213
0            280   1.49679e-206
0            281   3.29816e-200
0            282    8.4582e-194
0            283   2.43533e-187
0            284   7.85308e-181
0            285   2.69785e-174
0            286   9.83072e-168
0            287   3.64647e-161
0            288   1.33904e-154
0            289   4.73254e-148
0            290   1.55582e-141
0            291   4.65376e-135
0            292   1.24679e-128
0            293   2.94012e-122
0            294    6.6922e-116
0            295   1.85139e-109
0            296   6.84405e-103
0            297    2.53371e-96
0            298    7.64631e-90
0            299    1.79297e-83
0            300    3.22469e-77
0            301    4.63368e-71
0            302     5.4732e-65
0            303    4.93175e-59
0            304    3.02173e-53
0            305    1.16176e-47
0            306    2.65553e-42
0            307    3.39342e-37
0            308    2.33926e-32
0            309    8.45446e-28
0            310    1.59565e-23
0            311    1.56425e-19
0            312    8.19766e-16
0            313    2.23109e-12
0            314    3.03778e-09
0            315    1.94042e-06
0            316    0.000542796
0            317      0.0598752
0            318        2.18448
0            319        21.1654
0            320        46.0541
0            321        21.1928
0            322        2.18961
0            323      0.0601261
0            324    0.000547317
0            325    1.96064e-06
0            326    3.08754e-09
0            327    2.23849e-12
0            328    7.85091e-16
0            329    1.36036e-19
0            330    1.19377e-23
0            331     5.4903e-28
0            332    1.41993e-32
0            333    2.16312e-37
0            334    1.94631e-42
0            335    1.01668e-47
0            336    3.05851e-53
0            337    5.34645e-59
0            338    5.78087e-65
0            339    4.33962e-71
0            340    2.47649e-77
0            341    1.13461e-83
0            342    4.29113e-90
0            343    1.31053e-96
0            344    3.2525e-103
0            345   6.67917e-110
0            346   1.19007e-116
0            347   1.89515e-123
0            348   2.86181e-130
0            349   4.56362e-137
0            350   8.39219e-144
0            351    1.7725e-150
0            352   4.09021e-157
0            353   9.65656e-164
0            354   2.35965e-170
0            355   5.91941e-177
0            356   1.58043e-183
0            357   4.57864e-190
0            358   1.50054e-196
0            359   5.54152e-203
0            360   2.41395e-209
0            361   1.25635e-215
0            362   8.08618e-222
0            363   6.52143e-228
0            364              0
0            365              0
0            366              0
0            367              0
0            368              0
0            369              0
0            370              0
0            371              0
0            372              0
0            373              0
0            374              0
0            375              0
0            376              0
0            377              0
0            378              0
0            379              0
0            380              0
0            381              0
0            382              0
0            383              0
0            384              0
0            385              0
0            386              0
0            387              0
0            388              0
0            389              0
0            390   7.25261e-305
0            391   1.16747e-298
0            392   1.93027e-292
0            393   3.21222e-286
0            394    5.4693e-280
0            395   9.51524e-274
0            396   1.69919e-267
0            397   3.18102e-261
0            398   6.38921e-255
0            399   1.36791e-248
0            400   3.06829e-242
0            401   6.92867e-236
0            402   1.56089e-229
0            403   3.38226e-223
0            404    6.9183e-217
0            405   1.32734e-210
0            406   2.32571e-204
0            407   3.76958e-198
0            408   5.45886e-192
0            409   7.03398e-186
0            410   8.08927e-180
0            411   8.21238e-174
0            412   7.33422e-168
0            413   5.59553e-162
0            414   3.73057e-156
0            415   2.12743e-150
0            416   1.05379e-144
0            417   4.53812e-139
0            418   1.70418e-133
0            419    5.7345e-128
0            420   1.71933e-122
0            421   4.51252e-117
0            422   1.01285e-111
0            423   1.91252e-106
0            424   2.92297e-101
0            425     3.5474e-96
0            426    3.37134e-91
0            427     2.4919e-86
0            428    1.39892e-81
0            429    6.03608e-77
0            430    1.95189e-72
0            431    4.79356e-68
0            432    8.79392e-64
0            433    1.23167e-59
0            434    1.29622e-55
0            435    1.05639e-51
0            436    6.63007e-48
0            437    3.22954e-44
0            438    1.23862e-40
0            439    3.68436e-37
0            440    8.49627e-34
0            441    1.49259e-30
0            442    1.96036e-27
0            443    1.89719e-24
0            444    1.33425e-21
0            445    6.70168e-19
0            446    2.38321e-16
0            447    5.93781e-14
0            448    1.03531e-11
0            449    1.24915e-09
0            450    1.03546e-07
0            451    5.89205e-06
0            452    0.000225608
0            453     0.00566538
0            454       0.089263
0            455       0.834114
0            456        4.34893
0            457        11.9883
0            458        16.8789
0            459        11.9976
0            460        4.35517
0            461       0.835315
0            462       0.089435
0            463     0.00567646
0            464    0.000226436
0            465    5.92068e-06
0            466     1.0449e-07
0            467     1.2614e-09
0            468    1.04822e-11
0            469    6.03641e-14
0            470    2.42724e-16
0            471    6.81162e-19
0            472    1.35702e-21
0            473    1.92741e-24
0            474    1.98878e-27
0            475    1.54265e-30
0            476    9.04944e-34
0            477     4.1344e-37
0            478    1.45168e-40
0            479    3.91883e-44
0            480    7.91749e-48
0            481    1.20039e-51
0            482    1.33542e-55
0            483    1.09998e-59
0            484    6.68532e-64
0            485    3.00879e-68
0            486    1.00901e-72
0            487    2.56981e-77
0            488    4.98473e-82
0            489    7.49379e-87
0            490    9.00149e-92
0            491    9.01701e-97
0            492   7.72473e-102
0            493   5.87624e-107
0            494   4.00948e-112
0            495   2.38345e-117
0            496   1.22516e-122
0            497   5.22127e-128
0            498   1.86712e-133
0            499   5.57401e-139
0            500   1.39432e-144
0            501   2.91332e-150
0            502   5.09675e-156
0            503   7.70026e-162
0            504   9.90276e-168
0            505   1.10905e-173
0            506   1.08109e-179
0            507   9.25465e-186
0            508   7.09309e-192
0            509   4.81409e-198
0            510   2.95009e-204
0            511   1.64818e-210
0            512   8.52395e-217
0            513   4.07809e-223
0            514   1.81521e-229
0            515   7.64925e-236
0            516   3.11208e-242
0            517    1.2229e-248
0            518   4.82686e-255
0            519   1.92815e-261
0            520   8.11589e-268
0            521   3.65023e-274
0            522   1.75784e-280
0            523   9.09029e-287
0            524   4.99753e-293
0            525   2.84484e-299
0            526   1.67284e-305
0            527              0
0            528              0
0            529              0
0            530              0
0            531              0
0            532              0
0            533              0
0            534              0
0            535              0
0            536              0
0            537              0
0            538              0
0            539              0
0            540              0
0            541              0
0            542              0
0            543              0
0            544              0
0            545    1.26277e-26
0            546    2.03772e-26
0            547    3.02377e-26
0            548    5.82685e-26
0            549    1.43235e-25
0            550     2.0948e-25
0            551     1.2696e-25
0            552    4.17664e-26
0            553    2.75699e-27
0            554    4.51601e-12
0            555    5.92372e-12
0            556     7.9162e-12
0            557    1.29603e-11
0            558    1.90349e-11
0            559    1.62285e-11
0            560    7.09331e-12
0            561    1.47767e-12
0            562    1.56376e-13
0            563       0.218637
0            564       0.226378
0            565       0.233011
0            566       0.231134
0            567       0.174605
0            568      0.0668328
0            569      0.0164483
0            570     0.00224246
0            571    0.000150338
0            572        186.523
0            573        181.131
0            574        170.508
0            575        135.188
0            576        69.6466
0            577        18.5688
0            578        3.56122
0            579       0.413976
0            580      0.0219555
0            581    2.70383e-05
0            582    3.09962e-05
0            583    3.56675e-05
0            584    4.38141e-05
0            585    4.70402e-05
0            586    2.66625e-05
0            587    9.46482e-06
0            588    1.24615e-06
0            589    1.04164e-07
0            590    7.68531e-18
0            591    9.92647e-18
0            592     1.3141e-17
0            593    2.14695e-17
0            594    3.88594e-17
0            595    6.30714e-17
0            596    3.03637e-17
0            597    6.43714e-18
0            598    2.08264e-18
